1 117 5 
2 100 5 
3 88 5 
4 72 5 
6 53 5 
9 29.5 5 
10 25.2 1 
13 15.2 1 
15 11.1 1 


1 4.76217393479776 0.0427350427350427 
2 4.60517018598809 0.05 
3 4.47733681447821 0.0568181818181818 
4 4.27666611901606 0.0694444444444444 
6 3.97029191355212 0.0943396226415094 
9 3.38439026334577 0.169491525423729 
10 3.22684399451738 0.0396825396825397 
13 2.72129542785223 0.0657894736842105 
15 2.40694510831829 0.0900900900900901 


0 128.781102841937 
0.015 128.55070944361 
0.03 128.320542851937 
0.045 128.090603066917 
0.06 127.860890088551 
0.075 127.631403916839 
0.09 127.40214455178 
0.105 127.173111993375 
0.12 126.944306241623 
0.135 126.715727296525 
0.15 126.48737515808 
0.165 126.25924982629 
0.18 126.031351301152 
0.195 125.803679582668 
0.21 125.576234670838 
0.225 125.349016565661 
0.24 125.122025267138 
0.255 124.895260775269 
0.27 124.668723090053 
0.285 124.442412211491 
0.3 124.216328139582 
0.315 123.990470874327 
0.33 123.764840415725 
0.345 123.539436763777 
0.36 123.314259918483 
0.375 123.089309879842 
0.39 122.864586647854 
0.405 122.640090222521 
0.42 122.415820603841 
0.435 122.191777791814 
0.45 121.967961786441 
0.465 121.744372587722 
0.48 121.521010195656 
0.495 121.297874610244 
0.51 121.074965831485 
0.525 120.85228385938 
0.54 120.629828693929 
0.555 120.407600335131 
0.57 120.185598782986 
0.585 119.963824037495 
0.6 119.742276098658 
0.615 119.520954966475 
0.63 119.299860640945 
0.645 119.078993122068 
0.66 118.858352409845 
0.675 118.637938504276 
0.690000000000001 118.41775140536 
0.705000000000001 118.197791113098 
0.720000000000001 117.97805762749 
0.735000000000001 117.758550948535 
0.750000000000001 117.539271076233 
0.765000000000001 117.320218010586 
0.780000000000001 117.101391751591 
0.795000000000001 116.882792299251 
0.810000000000001 116.664419653564 
0.825000000000001 116.44627381453 
0.840000000000001 116.22835478215 
0.855000000000001 116.010662556424 
0.870000000000001 115.793197137351 
0.885000000000001 115.575958524932 
0.900000000000001 115.358946719166 
0.915000000000001 115.142161720054 
0.930000000000001 114.925603527596 
0.945000000000001 114.709272141791 
0.960000000000001 114.49316756264 
0.975000000000001 114.277289790142 
0.990000000000001 114.061638824298 
1.005 113.846214665108 
1.02 113.631017312571 
1.035 113.416046766687 
1.05 113.201303027457 
1.065 112.986786094881 
1.08 112.772495968958 
1.095 112.558432649689 
1.11 112.344596137074 
1.125 112.130986431112 
1.14 111.917603531804 
1.155 111.704447439149 
1.17 111.491518153148 
1.185 111.2788156738 
1.2 111.066340001106 
1.215 110.854091135066 
1.23 110.642069075679 
1.245 110.430273822946 
1.26 110.218705376866 
1.275 110.00736373744 
1.29 109.796248904667 
1.305 109.585360878548 
1.32 109.374699659083 
1.335 109.164265246271 
1.35 108.954057640113 
1.365 108.744076840608 
1.38 108.534322847757 
1.395 108.32479566156 
1.41 108.115495282016 
1.425 107.906421709126 
1.44 107.697574942889 
1.455 107.488954983306 
1.47 107.280561830376 
1.485 107.0723954841 
1.5 106.864455944478 
1.515 106.656743211509 
1.53 106.449257285193 
1.545 106.241998165532 
1.56 106.034965852524 
1.575 105.828160346169 
1.59 105.621581646468 
1.605 105.415229753421 
1.62 105.209104667027 
1.635 105.003206387287 
1.65 104.7975349142 
1.665 104.592090247767 
1.68 104.386872387988 
1.695 104.181881334862 
1.71 103.977117088389 
1.725 103.772579648571 
1.74 103.568269015406 
1.755 103.364185188894 
1.77 103.160328169036 
1.785 102.956697955831 
1.8 102.753294549281 
1.815 102.550117949383 
1.83 102.34716815614 
1.845 102.14444516955 
1.86 101.941948989613 
1.875 101.73967961633 
1.89 101.537637049701 
1.90499999999999 101.335821289725 
1.91999999999999 101.134232336403 
1.93499999999999 100.932870189734 
1.94999999999999 100.731734849719 
1.96499999999999 100.530826316358 
1.97999999999999 100.33014458965 
1.99499999999999 100.129689669595 
2.00999999999999 99.9294615561946 
2.02499999999999 99.7294602494474 
2.03999999999999 99.5296857493538 
2.05499999999999 99.3301380559138 
2.06999999999999 99.1308171691274 
2.085 98.9317230889945 
2.1 98.7328558155153 
2.115 98.5342153486896 
2.13 98.3358016885175 
2.145 98.137614834999 
2.16 97.939654788134 
2.175 97.7419215479226 
2.19 97.5444151143648 
2.205 97.3471354874606 
2.22 97.15008266721 
2.235 96.9532566536129 
2.25 96.7566574466694 
2.265 96.5602850463795 
2.28 96.3641394527432 
2.295 96.1682206657605 
2.31 95.9725286854313 
2.325 95.7770635117557 
2.34 95.5818251447337 
2.355 95.3868135843653 
2.37 95.1920288306505 
2.385 94.9974708835892 
2.4 94.8031397431815 
2.415 94.6090354094274 
2.43 94.4151578823269 
2.445 94.2215071618799 
2.46 94.0280832480865 
2.475 93.8348861409468 
2.49 93.6419158404605 
2.505 93.4491723466279 
2.52 93.2566556594489 
2.535 93.0643657789234 
2.55 92.8723027050515 
2.565 92.6804664378332 
2.58 92.4888569772684 
2.595 92.2974743233573 
2.61 92.1063184760997 
2.625 91.9153894354957 
2.64 91.7246872015453 
2.655 91.5342117742484 
2.67 91.3439631536052 
2.685 91.1539413396155 
2.7 90.9641463322794 
2.715 90.7745781315969 
2.73 90.5852367375679 
2.745 90.3961221501925 
2.76 90.2072343694707 
2.775 90.0185733954025 
2.79 89.8301392279879 
2.805 89.6419318672268 
2.82 89.4539513131194 
2.835 89.2661975656655 
2.85 89.0786706248652 
2.865 88.8913704907184 
2.88 88.7042971632253 
2.895 88.5174506423857 
2.91 88.3308309281997 
2.925 88.1444380206673 
2.94 87.9582719197884 
2.955 87.7723326255632 
2.97 87.5866201379915 
2.985 87.4011344570734 
3 87.2158755828089 
3.015 87.0308435151979 
3.03 86.8460382542406 
3.045 86.6614597999368 
3.06 86.4771081522866 
3.075 86.2929833112899 
3.09 86.1090852769469 
3.105 85.9254140492574 
3.12 85.7419696282215 
3.135 85.5587520138392 
3.15 85.3757612061105 
3.165 85.1929972050353 
3.18 85.0104600106137 
3.195 84.8281496228457 
3.21 84.6460660417313 
3.225 84.4642092672705 
3.24 84.2825792994632 
3.255 84.1011761383095 
3.27 83.9199997838094 
3.28500000000001 83.7390502359629 
3.30000000000001 83.55832749477 
3.31500000000001 83.3778315602306 
3.33000000000001 83.1975624323448 
3.34500000000001 83.0175201111126 
3.36000000000001 82.837704596534 
3.37500000000001 82.6581158886089 
3.39000000000001 82.4787539873375 
3.40500000000001 82.2996188927196 
3.42000000000001 82.1207106047553 
3.43500000000001 81.9420291234446 
3.45000000000001 81.7635744487874 
3.46500000000001 81.5853465807838 
3.48000000000001 81.4073455194338 
3.49500000000001 81.2295712647374 
3.51000000000001 81.0520238166946 
3.52500000000001 80.8747031753053 
3.54000000000001 80.6976093405697 
3.55500000000001 80.5207423124876 
3.57000000000001 80.344102091059 
3.58500000000001 80.1676886762841 
3.60000000000001 79.9915020681627 
3.61500000000001 79.8155422666949 
3.63000000000001 79.6398092718808 
3.64500000000001 79.4643030837201 
3.66000000000001 79.2890237022131 
3.67500000000001 79.1139711273596 
3.69000000000001 78.9391453591597 
3.70500000000001 78.7645463976134 
3.72000000000001 78.5901742427207 
3.73500000000001 78.4160288944815 
3.75000000000001 78.242110352896 
3.76500000000001 78.068418617964 
3.78000000000001 77.8949536896856 
3.79500000000001 77.7217155680607 
3.81000000000001 77.5487042530895 
3.82500000000001 77.3759197447718 
3.84000000000001 77.2033620431077 
3.85500000000001 77.0310311480972 
3.87000000000001 76.8589270597402 
3.88500000000001 76.6870497780369 
3.90000000000001 76.5153993029871 
3.91500000000001 76.3439756345909 
3.93000000000001 76.1727787728483 
3.94500000000001 76.0018087177593 
3.96000000000001 75.8310654693238 
3.97500000000001 75.6605490275419 
3.99000000000001 75.4902593924136 
4.00500000000001 75.3201965639389 
4.02000000000001 75.1503605421177 
4.03500000000001 74.9807513269502 
4.05000000000001 74.8113689184362 
4.06500000000001 74.6422133165758 
4.08000000000001 74.473284521369 
4.09500000000001 74.3045825328157 
4.11000000000001 74.136107350916 
4.12500000000001 73.96785897567 
4.14000000000001 73.7998374070774 
4.15500000000001 73.6320426451385 
4.17000000000001 73.4644746898532 
4.18500000000001 73.2971335412214 
4.20000000000001 73.1300191992432 
4.21500000000001 72.9631316639186 
4.23000000000001 72.7964709352475 
4.24500000000001 72.6300370132301 
4.26000000000001 72.4638298978662 
4.275 72.2978495891559 
4.29 72.1320960870992 
4.305 71.966569391696 
4.32 71.8012695029465 
4.335 71.6361964208505 
4.35 71.4713501454081 
4.365 71.3067306766193 
4.38 71.142338014484 
4.395 70.9781721590024 
4.41 70.8142331101743 
4.425 70.6505208679998 
4.44 70.4870354324788 
4.455 70.3237768036115 
4.47 70.1607449813977 
4.485 69.9979399658375 
4.5 69.8353617569309 
4.515 69.6730103546779 
4.53 69.5108857590784 
4.545 69.3489879701326 
4.56 69.1873169878403 
4.575 69.0258728122016 
4.59 68.8646554432164 
4.605 68.7036648808849 
4.62 68.5429011252069 
4.635 68.3823641761825 
4.65 68.2220540338117 
4.665 68.0619706980944 
4.68 67.9021141690308 
4.695 67.7424844466207 
4.71 67.5830815308642 
4.725 67.4239054217612 
4.73999999999999 67.2649561193119 
4.75499999999999 67.1062336235161 
4.76999999999999 66.9477379343739 
4.78499999999999 66.7894690518853 
4.79999999999999 66.6314269760503 
4.81499999999999 66.4736117068688 
4.82999999999999 66.316023244341 
4.84499999999999 66.1586615884667 
4.85999999999999 66.001526739246 
4.87499999999999 65.8446186966788 
4.88999999999999 65.6879374607653 
4.90499999999999 65.5314830315053 
4.91999999999999 65.3752554088989 
4.93499999999999 65.2192545929461 
4.94999999999999 65.0634805836468 
4.96499999999999 64.9079333810012 
4.97999999999999 64.7526129850091 
4.99499999999999 64.5975193956706 
5.00999999999999 64.4426526129857 
5.02499999999999 64.2880126369543 
5.03999999999999 64.1335994675766 
5.05499999999999 63.9794131048524 
5.06999999999999 63.8254535487818 
5.08499999999999 63.6717207993647 
5.09999999999999 63.5182148566013 
5.11499999999999 63.3649357204914 
5.12999999999999 63.2118833910351 
5.14499999999999 63.0590578682324 
5.15999999999999 62.9064591520833 
5.17499999999999 62.7540872425877 
5.18999999999999 62.6019421397457 
5.20499999999998 62.4500238435573 
5.21999999999998 62.2983323540225 
5.23499999999998 62.1468676711413 
5.24999999999998 61.9956297949136 
5.26499999999998 61.8446187253395 
5.27999999999998 61.6938344624191 
5.29499999999998 61.5432770061521 
5.30999999999998 61.3929463565388 
5.32499999999998 61.242842513579 
5.33999999999998 61.0929654772728 
5.35499999999998 60.9433152476202 
5.36999999999998 60.7938918246212 
5.38499999999998 60.6446952082758 
5.39999999999998 60.4957253985839 
5.41499999999998 60.3469823955456 
5.42999999999998 60.1984661991609 
5.44499999999998 60.0501768094298 
5.45999999999998 59.9021142263522 
5.47499999999998 59.7542784499282 
5.48999999999998 59.6066694801578 
5.50499999999998 59.459287317041 
5.51999999999998 59.3121319605778 
5.53499999999998 59.1652034107681 
5.54999999999998 59.018501667612 
5.56499999999998 58.8720267311096 
5.57999999999998 58.7257786012606 
5.59499999999998 58.5797572780653 
5.60999999999998 58.4339627615235 
5.62499999999998 58.2883950516354 
5.63999999999998 58.1430541484008 
5.65499999999998 57.9979400518197 
5.66999999999998 57.8530527618923 
5.68499999999997 57.7083922786184 
5.69999999999997 57.5639586019981 
5.71499999999997 57.4197517320314 
5.72999999999997 57.2757716687183 
5.74499999999997 57.1320184120587 
5.75999999999997 56.9884919620528 
5.77499999999997 56.8451923187004 
5.78999999999997 56.7021194820016 
5.80499999999997 56.5592734519563 
5.81999999999997 56.4166542285647 
5.83499999999997 56.2742618118266 
5.84999999999997 56.1320962017421 
5.86499999999997 55.9901573983112 
5.87999999999997 55.8484454015339 
5.89499999999997 55.7069602114101 
5.90999999999997 55.5657018279399 
5.92499999999997 55.4246702511233 
5.93999999999997 55.2838654809603 
5.95499999999997 55.1432875174508 
5.96999999999997 55.002936360595 
5.98499999999997 54.8628120103927 
5.99999999999997 54.722914466844 
6.01499999999997 54.5832437299489 
6.02999999999997 54.4437997997073 
6.04499999999997 54.3045826761194 
6.05999999999997 54.165592359185 
6.07499999999997 54.0268288489041 
6.08999999999997 53.8882921452769 
6.10499999999997 53.7499822483033 
6.11999999999997 53.6118991579832 
6.13499999999997 53.4740428743167 
6.14999999999996 53.3364133973038 
6.16499999999996 53.1990107269444 
6.17999999999996 53.0618348632387 
6.19499999999996 52.9248858061865 
6.20999999999996 52.7881635557879 
6.22499999999996 52.6516681120429 
6.23999999999996 52.5153994749515 
6.25499999999996 52.3793576445136 
6.26999999999996 52.2435426207293 
6.28499999999996 52.1079544035986 
6.29999999999996 51.9725929931215 
6.31499999999996 51.8374583892979 
6.32999999999996 51.702550592128 
6.34499999999996 51.5678696016116 
6.35999999999996 51.4334154177488 
6.37499999999996 51.2991880405395 
6.38999999999996 51.1651874699839 
6.40499999999996 51.0314137060818 
6.41999999999996 50.8978667488333 
6.43499999999996 50.7645465982384 
6.44999999999996 50.6314532542971 
6.46499999999996 50.4985867170093 
6.47999999999996 50.3659469863751 
6.49499999999996 50.2335340623946 
6.50999999999996 50.1013479450675 
6.52499999999996 49.9693886343941 
6.53999999999996 49.8376561303742 
6.55499999999996 49.706150433008 
6.56999999999996 49.5748715422952 
6.58499999999996 49.4438194582361 
6.59999999999996 49.3129941808306 
6.61499999999995 49.1823957100786 
6.62999999999995 49.0520240459802 
6.64499999999995 48.9218791885354 
6.65999999999995 48.7919611377442 
6.67499999999995 48.6622698936066 
6.68999999999995 48.5328054561225 
6.70499999999995 48.403567825292 
6.71999999999995 48.2745570011151 
6.73499999999995 48.1457729835918 
6.74999999999995 48.017215772722 
6.76499999999995 47.8888853685058 
6.77999999999995 47.7607817709432 
6.79499999999995 47.6329049800342 
6.80999999999995 47.5052549957788 
6.82499999999995 47.3778318181769 
6.83999999999995 47.2506354472286 
6.85499999999995 47.1236658829339 
6.86999999999995 46.9969231252928 
6.88499999999995 46.8704071743053 
6.89999999999995 46.7441180299713 
6.91499999999995 46.618055692291 
6.92999999999995 46.4922201612641 
6.94499999999995 46.3666114368909 
6.95999999999995 46.2412295191713 
6.97499999999995 46.1160744081052 
6.98999999999995 45.9911461036927 
7.00499999999995 45.8664446059338 
7.01999999999995 45.7419699148285 
7.03499999999995 45.6177220303767 
7.04999999999995 45.4937009525785 
7.06499999999995 45.369906681434 
7.07999999999995 45.2463392169429 
7.09499999999994 45.1229985591055 
7.10999999999994 44.9998847079217 
7.12499999999994 44.8769976633914 
7.13999999999994 44.7543374255147 
7.15499999999994 44.6319039942916 
7.16999999999994 44.509697369722 
7.18499999999994 44.3877175518061 
7.19999999999994 44.2659645405437 
7.21499999999994 44.1444383359349 
7.22999999999994 44.0231389379797 
7.24499999999994 43.902066346678 
7.25999999999994 43.78122056203 
7.27499999999994 43.6606015840355 
7.28999999999994 43.5402094126946 
7.30499999999994 43.4200440480072 
7.31999999999994 43.3001054899735 
7.33499999999994 43.1803937385933 
7.34999999999994 43.0609087938667 
7.36499999999994 42.9416506557937 
7.37999999999994 42.8226193243743 
7.39499999999994 42.7038147996084 
7.40999999999994 42.5852370814962 
7.42499999999994 42.4668861700375 
7.43999999999994 42.3487620652323 
7.45499999999994 42.2308647670808 
7.46999999999994 42.1131942755829 
7.48499999999994 41.9957505907385 
7.49999999999994 41.8785337125477 
7.51499999999994 41.7615436410105 
7.52999999999994 41.6447803761268 
7.54499999999994 41.5282439178968 
7.55999999999993 41.4119342663203 
7.57499999999993 41.2958514213974 
7.58999999999993 41.179995383128 
7.60499999999993 41.0643661515123 
7.61999999999993 40.9489637265501 
7.63499999999993 40.8337881082415 
7.64999999999993 40.7188392965865 
7.66499999999993 40.6041172915851 
7.67999999999993 40.4896220932372 
7.69499999999993 40.375353701543 
7.70999999999993 40.2613121165023 
7.72499999999993 40.1474973381152 
7.73999999999993 40.0339093663816 
7.75499999999993 39.9205482013017 
7.76999999999993 39.8074138428753 
7.78499999999993 39.6945062911025 
7.79999999999993 39.5818255459833 
7.81499999999993 39.4693716075176 
7.82999999999993 39.3571444757056 
7.84499999999993 39.2451441505471 
7.85999999999993 39.1333706320422 
7.87499999999993 39.0218239201909 
7.88999999999993 38.9105040149931 
7.90499999999993 38.799410916449 
7.91999999999993 38.6885446245584 
7.93499999999993 38.5779051393214 
7.94999999999993 38.467492460738 
7.96499999999993 38.3573065888081 
7.97999999999993 38.2473475235318 
7.99499999999993 38.1376152649091 
8.00999999999993 38.02810981294 
8.02499999999993 37.9188311676245 
8.03999999999993 37.8097793289625 
8.05499999999993 37.7009542969542 
8.06999999999993 37.5923560715994 
8.08499999999993 37.4839846528981 
8.09999999999993 37.3758400408505 
8.11499999999993 37.2679222354564 
8.12999999999993 37.1602312367159 
8.14499999999993 37.052767044629 
8.15999999999993 36.9455296591957 
8.17499999999993 36.8385190804159 
8.18999999999993 36.7317353082898 
8.20499999999993 36.6251783428172 
8.21999999999993 36.5188481839982 
8.23499999999993 36.4127448318327 
8.24999999999993 36.3068682863209 
8.26499999999993 36.2012185474626 
8.27999999999994 36.0957956152579 
8.29499999999994 35.9905994897068 
8.30999999999994 35.8856301708093 
8.32499999999994 35.7808876585653 
8.33999999999994 35.6763719529749 
8.35499999999994 35.5720830540382 
8.36999999999994 35.4680209617549 
8.38499999999994 35.3641856761253 
8.39999999999994 35.2605771971492 
8.41499999999994 35.1571955248267 
8.42999999999994 35.0540406591578 
8.44499999999994 34.9511126001425 
8.45999999999994 34.8484113477808 
8.47499999999994 34.7459369020726 
8.48999999999994 34.643689263018 
8.50499999999994 34.541668430617 
8.51999999999994 34.4398744048696 
8.53499999999995 34.3383071857757 
8.54999999999995 34.2369667733354 
8.56499999999995 34.1358531675488 
8.57999999999995 34.0349663684157 
8.59499999999995 33.9343063759361 
8.60999999999995 33.8338731901102 
8.62499999999995 33.7336668109378 
8.63999999999995 33.633687238419 
8.65499999999995 33.5339344725538 
8.66999999999995 33.4344085133421 
8.68499999999995 33.3351093607841 
8.69999999999995 33.2360370148796 
8.71499999999995 33.1371914756287 
8.72999999999995 33.0385727430314 
8.74499999999995 32.9401808170876 
8.75999999999995 32.8420156977975 
8.77499999999995 32.7440773851609 
8.78999999999995 32.6463658791779 
8.80499999999996 32.5488811798485 
8.81999999999996 32.4516232871726 
8.83499999999996 32.3545922011503 
8.84999999999996 32.2577879217817 
8.86499999999996 32.1612104490666 
8.87999999999996 32.064859783005 
8.89499999999996 31.9687359235971 
8.90999999999996 31.8728388708427 
8.92499999999996 31.7771686247419 
8.93999999999996 31.6817251852947 
8.95499999999996 31.5865085525011 
8.96999999999996 31.491518726361 
8.98499999999996 31.3967557068745 
8.99999999999996 31.3022194940416 
9.01499999999996 31.2079100878623 
9.02999999999996 31.1138274883366 
9.04499999999996 31.0199716954644 
9.05999999999996 30.9263427092458 
9.07499999999997 30.8329405296808 
9.08999999999997 30.7397651567694 
9.10499999999997 30.6468165905115 
9.11999999999997 30.5540948309073 
9.13499999999997 30.4615998779566 
9.14999999999997 30.3693317316595 
9.16499999999997 30.277290392016 
9.17999999999997 30.185475859026 
9.19499999999997 30.0938881326896 
9.20999999999997 30.0025272130068 
9.22499999999997 29.9113930999776 
9.23999999999997 29.820485793602 
9.25499999999997 29.7298052938799 
9.26999999999997 29.6393516008115 
9.28499999999997 29.5491247143966 
9.29999999999997 29.4591246346353 
9.31499999999997 29.3693513615275 
9.32999999999998 29.2798048950734 
9.34499999999998 29.1904852352728 
9.35999999999998 29.1013923821258 
9.37499999999998 29.0125263356324 
9.38999999999998 28.9238870957925 
9.40499999999998 28.8354746626063 
9.41999999999998 28.7472890360736 
9.43499999999998 28.6593302161945 
9.44999999999998 28.5715982029689 
9.46499999999998 28.484092996397 
9.47999999999998 28.3968145964786 
9.49499999999998 28.3097630032139 
9.50999999999998 28.2229382166027 
9.52499999999998 28.136340236645 
9.53999999999998 28.049969063341 
9.55499999999998 27.9638246966905 
9.56999999999998 27.8779071366936 
9.58499999999998 27.7922163833503 
9.59999999999999 27.7067524366606 
9.61499999999999 27.6215152966244 
9.62999999999999 27.5365049632418 
9.64499999999999 27.4517214365128 
9.65999999999999 27.3671647164374 
9.67499999999999 27.2828348030156 
9.68999999999999 27.1987316962473 
9.70499999999999 27.1148553961326 
9.71999999999999 27.0312059026715 
9.73499999999999 26.947783215864 
9.74999999999999 26.86458733571 
9.76499999999999 26.7816182622097 
9.77999999999999 26.6988759953629 
9.79499999999999 26.6163605351697 
9.80999999999999 26.5340718816301 
9.82499999999999 26.452010034744 
9.83999999999999 26.3701749945115 
9.855 26.2885667609327 
9.87 26.2071853340074 
9.885 26.1260307137356 
9.9 26.0451029001175 
9.915 25.9644018931529 
9.93 25.8839276928419 
9.945 25.8036802991845 
9.96 25.7236597121807 
9.975 25.6438659318304 
9.99 25.5642989581337 
10.005 25.4849587910906 
10.02 25.4058454307011 
10.035 25.3269588769651 
10.05 25.2482991298828 
10.065 25.169866189454 
10.08 25.0916600556788 
10.095 25.0136807285572 
10.11 24.9359282080891 
10.125 24.8584024942747 
10.14 24.7811035871138 
10.155 24.7040314866065 
10.17 24.6271861927527 
10.185 24.5505677055526 
10.2 24.474176025006 
10.215 24.398011151113 
10.23 24.3220730838736 
10.245 24.2463618232878 
10.26 24.1708773693555 
10.275 24.0956197220769 
10.29 24.0205888814518 
10.305 23.9457848474802 
10.32 23.8712076201623 
10.335 23.7968571994979 
10.35 23.7227335854872 
10.365 23.64883677813 
10.38 23.5751667774264 
10.395 23.5017235833763 
10.41 23.4285071959798 
10.425 23.355517615237 
10.44 23.2827548411476 
10.455 23.2102188737119 
10.47 23.1379097129298 
10.485 23.0658273588012 
10.5 22.9939718113262 
10.515 22.9223430705048 
10.53 22.850941136337 
10.545 22.7797660088227 
10.56 22.7088176879621 
10.575 22.638096173755 
10.59 22.5676014662014 
10.605 22.4973335653015 
10.62 22.4272924710552 
10.635 22.3574781834624 
10.65 22.2878907025232 
10.665 22.2185300282376 
10.68 22.1493961606055 
10.695 22.0804890996271 
10.71 22.0118088453022 
10.725 21.9433553976309 
10.74 21.8751287566131 
10.755 21.807128922249 
10.77 21.7393558945384 
10.785 21.6718096734815 
10.8 21.6044902590781 
10.815 21.5373976513282 
10.83 21.470531850232 
10.845 21.4038928557893 
10.86 21.3374806680002 
10.875 21.2712952868647 
10.89 21.2053367123828 
10.905 21.1396049445544 
10.92 21.0740999833796 
10.935 21.0088218288585 
10.95 20.9437704809908 
10.965 20.8789459397768 
10.98 20.8143482052163 
10.995 20.7499772773094 
11.01 20.6858331560561 
11.025 20.6219158414564 
11.04 20.5582253335103 
11.055 20.4947616322177 
11.07 20.4315247375787 
11.085 20.3685146495933 
11.1 20.3057313682615 
11.115 20.2431748935833 
11.13 20.1808452255586 
11.145 20.1187423641875 
11.16 20.05686630947 
11.175 19.9952170614061 
11.19 19.9337946199957 
11.205 19.8725989852389 
11.22 19.8116301571358 
11.235 19.7508881356861 
11.25 19.6903729208901 
11.265 19.6300845127477 
11.28 19.5700229112588 
11.295 19.5101881164235 
11.3100000000001 19.4505801282418 
11.3250000000001 19.3911989467136 
11.3400000000001 19.332044571839 
11.3550000000001 19.2731170036181 
11.3700000000001 19.2144162420507 
11.3850000000001 19.1559422871369 
11.4000000000001 19.0976951388766 
11.4150000000001 19.0396747972699 
11.4300000000001 18.9818812623169 
11.4450000000001 18.9243145340174 
11.4600000000001 18.8669746123714 
11.4750000000001 18.8098614973791 
11.4900000000001 18.7529751890403 
11.5050000000001 18.6963156873551 
11.5200000000001 18.6398829923235 
11.5350000000001 18.5836771039455 
11.5500000000001 18.527698022221 
11.5650000000001 18.4719457471501 
11.5800000000001 18.4164202787329 
11.5950000000001 18.3611216169691 
11.6100000000001 18.306049761859 
11.6250000000001 18.2512047134024 
11.6400000000001 18.1965864715995 
11.6550000000001 18.1421950364501 
11.6700000000001 18.0880304079542 
11.6850000000001 18.034092586112 
11.7000000000001 17.9803815709233 
11.7150000000001 17.9268973623883 
11.7300000000001 17.8736399605068 
11.7450000000001 17.8206093652788 
11.7600000000001 17.7678055767045 
11.7750000000001 17.7152285947837 
11.7900000000001 17.6628784195165 
11.8050000000001 17.6107550509029 
11.8200000000001 17.5588584889429 
11.8350000000001 17.5071887336364 
11.8500000000001 17.4557457849836 
11.8650000000001 17.4045296429843 
11.8800000000001 17.3535403076386 
11.8950000000001 17.3027777789464 
11.9100000000001 17.2522420569079 
11.9250000000001 17.2019331415229 
11.9400000000001 17.1518510327915 
11.9550000000001 17.1019957307137 
11.9700000000001 17.0523672352894 
11.9850000000001 17.0029655465188 
12.0000000000001 16.9537906644017 
12.0150000000001 16.9048425889382 
12.0300000000001 16.8561213201283 
12.0450000000001 16.807626857972 
12.0600000000001 16.7593592024692 
12.0750000000001 16.71131835362 
12.0900000000001 16.6635043114244 
12.1050000000001 16.6159170758824 
12.1200000000001 16.5685566469939 
12.1350000000001 16.5214230247591 
12.1500000000001 16.4745162091778 
12.1650000000001 16.4278362002501 
12.1800000000001 16.3813829979759 
12.1950000000001 16.3351566023554 
12.2100000000001 16.2891570133884 
12.2250000000001 16.243384231075 
12.2400000000001 16.1978382554152 
12.2550000000001 16.1525190864089 
12.2700000000001 16.1074267240563 
12.2850000000001 16.0625611683572 
12.3000000000001 16.0179224193117 
12.3150000000001 15.9735104769198 
12.3300000000001 15.9293253411815 
12.3450000000001 15.8853670120967 
12.3600000000001 15.8416354896655 
12.3750000000001 15.7981307738879 
12.3900000000001 15.7548528647639 
12.4050000000001 15.7118017622934 
12.4200000000001 15.6689774664766 
12.4350000000001 15.6263799773133 
12.4500000000001 15.5840092948036 
12.4650000000001 15.5418654189475 
12.4800000000001 15.4999483497449 
12.4950000000001 15.4582580871959 
12.5100000000001 15.4167946313006 
12.5250000000001 15.3755579820587 
12.5400000000001 15.3345481394705 
12.5550000000001 15.2937651035359 
12.5700000000001 15.2532088742548 
12.5850000000001 15.2128794516273 
12.6000000000001 15.1727768356534 
12.6150000000001 15.132901026333 
12.6300000000001 15.0932520236663 
12.6450000000001 15.0538298276531 
12.6600000000001 15.0146344382935 
12.6750000000001 14.9756658555875 
12.6900000000001 14.936924079535 
12.7050000000001 14.8984091101361 
12.7200000000001 14.8601209473909 
12.7350000000001 14.8220595912992 
12.7500000000001 14.784225041861 
12.7650000000001 14.7466172990765 
12.7800000000001 14.7092363629455 
12.7950000000001 14.6720822334681 
12.8100000000001 14.6351549106443 
12.8250000000001 14.5984543944741 
12.8400000000001 14.5619806849575 
12.8550000000001 14.5257337820944 
12.8700000000001 14.4897136858849 
12.8850000000001 14.453920396329 
12.9000000000001 14.4183539134266 
12.9150000000001 14.3830142371779 
12.9300000000001 14.3479013675827 
12.9450000000001 14.3130153046411 
12.9600000000001 14.2783560483531 
12.9750000000001 14.2439235987187 
12.9900000000001 14.2097179557378 
13.0050000000001 14.1757391194105 
13.0200000000001 14.1419870897368 
13.0350000000001 14.1084618667167 
13.0500000000001 14.0751634503501 
13.0650000000001 14.0420918406372 
13.0800000000001 14.0092470375778 
13.0950000000001 13.976629041172 
13.1100000000001 13.9442378514198 
13.1250000000001 13.9120734683211 
13.1400000000001 13.880135891876 
13.1550000000001 13.8484251220845 
13.1700000000001 13.8169411589466 
13.1850000000001 13.7856840024623 
13.2000000000001 13.7546536526316 
13.2150000000001 13.7238501094544 
13.2300000000001 13.6932733729308 
13.2450000000001 13.6629234430608 
13.2600000000001 13.6328003198443 
13.2750000000001 13.6029040032815 
13.2900000000001 13.5732344933722 
13.3050000000001 13.5437917901165 
13.3200000000001 13.5145758935144 
13.3350000000001 13.4855868035658 
13.3500000000001 13.4568245202709 
13.3650000000001 13.4282890436295 
13.3800000000001 13.3999803736417 
13.3950000000001 13.3718985103074 
13.4100000000001 13.3440434536268 
13.4250000000001 13.3164152035998 
13.4400000000001 13.2890137602263 
13.4550000000001 13.2618391235064 
13.4700000000001 13.23489129344 
13.4850000000001 13.2081702700273 
13.5000000000001 13.1816760532681 
13.5150000000001 13.1554086431625 
13.5300000000001 13.1293680397105 
13.5450000000001 13.1035542429121 
13.5600000000001 13.0779672527672 
13.5750000000001 13.0526070692759 
13.5900000000001 13.0274736924382 
13.6050000000001 13.0025671222541 
13.6200000000001 12.9778873587236 
13.6350000000001 12.9534344018466 
13.6500000000001 12.9292082516233 
13.6650000000001 12.9052089080535 
13.6800000000001 12.8814363711372 
13.6950000000001 12.8578906408746 
13.7100000000001 12.8345717172655 
13.7250000000001 12.81147960031 
13.7400000000001 12.7886142900081 
13.7550000000001 12.7659757863598 
13.7700000000001 12.743564089365 
13.7850000000001 12.7213791990239 
13.8000000000001 12.6994211153363 
13.8150000000001 12.6776898383023 
13.8300000000001 12.6561853679219 
13.8450000000001 12.634907704195 
13.8600000000001 12.6138568471217 
13.8750000000001 12.593032796702 
13.8900000000001 12.5724355529359 
13.9050000000001 12.5520651158234 
13.9200000000001 12.5319214853644 
13.9350000000001 12.5120046615591 
13.9500000000002 12.4923146444072 
13.9650000000002 12.472851433909 
13.9800000000002 12.4536150300644 
13.9950000000002 12.4346054328733 
14.0100000000002 12.4158226423358 
14.0250000000002 12.3972666584519 
14.0400000000002 12.3789374812216 
14.0550000000002 12.3608351106449 
14.0700000000002 12.3429595467217 
14.0850000000002 12.3253107894521 
14.1000000000002 12.3078888388361 
14.1150000000002 12.2906936948737 
14.1300000000002 12.2737253575648 
14.1450000000002 12.2569838269096 
14.1600000000002 12.2404691029079 
14.1750000000002 12.2241811855598 
14.1900000000002 12.2081200748652 
14.2050000000002 12.1922857708243 
14.2200000000002 12.1766782734369 
14.2350000000002 12.1612975827031 
14.2500000000002 12.1461436986229 
14.2650000000002 12.1312166211963 
14.2800000000002 12.1165163504232 
14.2950000000002 12.1020428863037 
14.3100000000002 12.0877962288378 
14.3250000000002 12.0737763780255 
14.3400000000002 12.0599833338667 
14.3550000000002 12.0464170963616 
14.3700000000002 12.03307766551 
14.3850000000002 12.019965041312 
14.4000000000002 12.0070792237676 
14.4150000000002 11.9944202128767 
14.4300000000002 11.9819880086394 
14.4450000000002 11.9697826110558 
14.4600000000002 11.9578040201256 
14.4750000000002 11.9460522358491 
14.4900000000002 11.9345272582262 
14.5050000000002 11.9232290872568 
14.5200000000002 11.912157722941 
14.5350000000002 11.9013131652788 
14.5500000000002 11.8906954142702 
14.5650000000002 11.8803044699151 
14.5800000000002 11.8701403322136 
14.5950000000002 11.8602030011657 
14.6100000000002 11.8504924767714 
14.6250000000002 11.8410087590307 
14.6400000000002 11.8317518479435 
14.6550000000002 11.8227217435099 
14.6700000000002 11.8139184457299 
14.6850000000002 11.8053419546035 
14.7000000000002 11.7969922701307 
14.7150000000002 11.7888693923114 
14.7300000000002 11.7809733211457 
14.7450000000002 11.7733040566336 
14.7600000000002 11.7658615987751 
14.7750000000002 11.7586459475701 
14.7900000000002 11.7516571030187 
14.8050000000002 11.744895065121 
14.8200000000002 11.7383598338768 
14.8350000000002 11.7320514092861 
14.8500000000002 11.7259697913491 
14.8650000000002 11.7201149800656 
14.8800000000002 11.7144869754357 
14.8950000000002 11.7090857774594 
14.9100000000002 11.7039113861367 
14.9250000000002 11.6989638014675 
14.9400000000002 11.6942430234519 
14.9550000000002 11.6897490520899 
14.9700000000002 11.6854818873815 
14.9850000000002 11.6814415293266 


0 4.95193531431018 
0.015 4.94936701299802 
0.03 4.94679871168585 
0.045 4.94423041037369 
0.06 4.94166210906152 
0.075 4.93909380774936 
0.09 4.93652550643719 
0.105 4.93395720512503 
0.12 4.93138890381286 
0.135 4.9288206025007 
0.15 4.92625230118853 
0.165 4.92368399987637 
0.18 4.9211156985642 
0.195 4.91854739725204 
0.21 4.91597909593987 
0.225 4.91341079462771 
0.24 4.91084249331554 
0.255 4.90827419200338 
0.27 4.90570589069122 
0.285 4.90313758937905 
0.3 4.90056928806688 
0.315 4.89800098675472 
0.33 4.89543268544256 
0.345 4.89286438413039 
0.36 4.89029608281823 
0.375 4.88772778150606 
0.39 4.8851594801939 
0.405 4.88259117888173 
0.42 4.88002287756957 
0.435 4.8774545762574 
0.45 4.87488627494524 
0.465 4.87231797363307 
0.48 4.86974967232091 
0.495 4.86718137100874 
0.51 4.86461306969658 
0.525 4.86204476838441 
0.54 4.85947646707225 
0.555 4.85690816576008 
0.57 4.85433986444792 
0.585 4.85177156313575 
0.6 4.84920326182359 
0.615 4.84663496051142 
0.63 4.84406665919926 
0.645 4.84149835788709 
0.66 4.83893005657493 
0.675 4.83636175526276 
0.690000000000001 4.8337934539506 
0.705000000000001 4.83122515263843 
0.720000000000001 4.82865685132627 
0.735000000000001 4.8260885500141 
0.750000000000001 4.82352024870194 
0.765000000000001 4.82095194738977 
0.780000000000001 4.81838364607761 
0.795000000000001 4.81581534476544 
0.810000000000001 4.81324704345328 
0.825000000000001 4.81067874214111 
0.840000000000001 4.80811044082895 
0.855000000000001 4.80554213951678 
0.870000000000001 4.80297383820462 
0.885000000000001 4.80040553689245 
0.900000000000001 4.79783723558029 
0.915000000000001 4.79526893426812 
0.930000000000001 4.79270063295596 
0.945000000000001 4.79013233164379 
0.960000000000001 4.78756403033163 
0.975000000000001 4.78499572901946 
0.990000000000001 4.7824274277073 
1.005 4.77985912639514 
1.02 4.77729082508297 
1.035 4.77472252377081 
1.05 4.77215422245864 
1.065 4.76958592114648 
1.08 4.76701761983431 
1.095 4.76444931852215 
1.11 4.76188101720998 
1.125 4.75931271589782 
1.14 4.75674441458565 
1.155 4.75417611327349 
1.17 4.75160781196132 
1.185 4.74903951064916 
1.2 4.74647120933699 
1.215 4.74390290802483 
1.23 4.74133460671266 
1.245 4.7387663054005 
1.26 4.73619800408833 
1.275 4.73362970277617 
1.29 4.731061401464 
1.305 4.72849310015184 
1.32 4.72592479883967 
1.335 4.72335649752751 
1.35 4.72078819621534 
1.365 4.71821989490318 
1.38 4.71565159359101 
1.395 4.71308329227885 
1.41 4.71051499096668 
1.425 4.70794668965452 
1.44 4.70537838834235 
1.455 4.70281008703019 
1.47 4.70024178571802 
1.485 4.69767348440586 
1.5 4.69510518309369 
1.515 4.69253688178153 
1.53 4.68996858046936 
1.545 4.6874002791572 
1.56 4.68483197784503 
1.575 4.68226367653287 
1.59 4.6796953752207 
1.605 4.67712707390854 
1.62 4.67455877259638 
1.635 4.67199047128421 
1.65 4.66942216997205 
1.665 4.66685386865988 
1.68 4.66428556734772 
1.695 4.66171726603555 
1.71 4.65914896472339 
1.725 4.65658066341122 
1.74 4.65401236209906 
1.755 4.65144406078689 
1.77 4.64887575947473 
1.785 4.64630745816256 
1.8 4.6437391568504 
1.815 4.64117085553823 
1.83 4.63860255422607 
1.845 4.6360342529139 
1.86 4.63346595160174 
1.875 4.63089765028957 
1.89 4.62832934897741 
1.90499999999999 4.62576104766524 
1.91999999999999 4.62319274635308 
1.93499999999999 4.62062444504091 
1.94999999999999 4.61805614372875 
1.96499999999999 4.61548784241658 
1.97999999999999 4.61291954110442 
1.99499999999999 4.61035123979225 
2.00999999999999 4.60778293848009 
2.02499999999999 4.60521463716792 
2.03999999999999 4.60264633585576 
2.05499999999999 4.60007803454359 
2.06999999999999 4.59750973323143 
2.085 4.59494143191926 
2.1 4.5923731306071 
2.115 4.58980482929493 
2.13 4.58723652798277 
2.145 4.5846682266706 
2.16 4.58209992535844 
2.175 4.57953162404627 
2.19 4.57696332273411 
2.205 4.57439502142194 
2.22 4.57182672010978 
2.235 4.56925841879761 
2.25 4.56669011748545 
2.265 4.56412181617328 
2.28 4.56155351486112 
2.295 4.55898521354896 
2.31 4.55641691223679 
2.325 4.55384861092463 
2.34 4.55128030961246 
2.355 4.5487120083003 
2.37 4.54614370698813 
2.385 4.54357540567597 
2.4 4.5410071043638 
2.415 4.53843880305164 
2.43 4.53587050173947 
2.445 4.53330220042731 
2.46 4.53073389911514 
2.475 4.52816559780298 
2.49 4.52559729649081 
2.505 4.52302899517865 
2.52 4.52046069386648 
2.535 4.51789239255432 
2.55 4.51532409124215 
2.565 4.51275578992999 
2.58 4.51018748861782 
2.595 4.50761918730566 
2.61 4.50505088599349 
2.625 4.50248258468133 
2.64 4.49991428336916 
2.655 4.497345982057 
2.67 4.49477768074483 
2.685 4.49220937943267 
2.7 4.4896410781205 
2.715 4.48707277680834 
2.73 4.48450447549617 
2.745 4.48193617418401 
2.76 4.47936787287184 
2.775 4.47679957155968 
2.79 4.47423127024751 
2.805 4.47166296893535 
2.82 4.46909466762318 
2.835 4.46652636631102 
2.85 4.46395806499885 
2.865 4.46138976368669 
2.88 4.45882146237452 
2.895 4.45625316106236 
2.91 4.45368485975019 
2.925 4.45111655843803 
2.94 4.44854825712586 
2.955 4.4459799558137 
2.97 4.44341165450153 
2.985 4.44084335318937 
3 4.4382750518772 
3.015 4.43570675056504 
3.03 4.43313844925287 
3.045 4.43057014794071 
3.06 4.42800184662854 
3.075 4.42543354531638 
3.09 4.42286524400421 
3.105 4.42029694269205 
3.12 4.41772864137988 
3.135 4.41516034006772 
3.15 4.41259203875556 
3.165 4.41002373744339 
3.18 4.40745543613123 
3.195 4.40488713481906 
3.21 4.4023188335069 
3.225 4.39975053219473 
3.24 4.39718223088257 
3.255 4.3946139295704 
3.27 4.39204562825824 
3.28500000000001 4.38947732694607 
3.30000000000001 4.38690902563391 
3.31500000000001 4.38434072432174 
3.33000000000001 4.38177242300958 
3.34500000000001 4.37920412169741 
3.36000000000001 4.37663582038525 
3.37500000000001 4.37406751907308 
3.39000000000001 4.37149921776092 
3.40500000000001 4.36893091644875 
3.42000000000001 4.36636261513659 
3.43500000000001 4.36379431382442 
3.45000000000001 4.36122601251226 
3.46500000000001 4.35865771120009 
3.48000000000001 4.35608940988793 
3.49500000000001 4.35352110857576 
3.51000000000001 4.3509528072636 
3.52500000000001 4.34838450595143 
3.54000000000001 4.34581620463927 
3.55500000000001 4.3432479033271 
3.57000000000001 4.34067960201494 
3.58500000000001 4.33811130070277 
3.60000000000001 4.33554299939061 
3.61500000000001 4.33297469807844 
3.63000000000001 4.33040639676628 
3.64500000000001 4.32783809545411 
3.66000000000001 4.32526979414195 
3.67500000000001 4.32270149282978 
3.69000000000001 4.32013319151762 
3.70500000000001 4.31756489020545 
3.72000000000001 4.31499658889329 
3.73500000000001 4.31242828758112 
3.75000000000001 4.30985998626896 
3.76500000000001 4.30729168495679 
3.78000000000001 4.30472338364463 
3.79500000000001 4.30215508233246 
3.81000000000001 4.2995867810203 
3.82500000000001 4.29701847970813 
3.84000000000001 4.29445017839597 
3.85500000000001 4.2918818770838 
3.87000000000001 4.28931357577164 
3.88500000000001 4.28674527445947 
3.90000000000001 4.28417697314731 
3.91500000000001 4.28160867183514 
3.93000000000001 4.27904037052298 
3.94500000000001 4.27647206921081 
3.96000000000001 4.27390376789865 
3.97500000000001 4.27133546658648 
3.99000000000001 4.26876716527432 
4.00500000000001 4.26619886396216 
4.02000000000001 4.26363056264999 
4.03500000000001 4.26106226133783 
4.05000000000001 4.25849396002566 
4.06500000000001 4.2559256587135 
4.08000000000001 4.25335735740133 
4.09500000000001 4.25078905608917 
4.11000000000001 4.248220754777 
4.12500000000001 4.24565245346484 
4.14000000000001 4.24308415215267 
4.15500000000001 4.24051585084051 
4.17000000000001 4.23794754952834 
4.18500000000001 4.23537924821618 
4.20000000000001 4.23281094690401 
4.21500000000001 4.23024264559185 
4.23000000000001 4.22767434427968 
4.24500000000001 4.22510604296752 
4.26000000000001 4.22253774165535 
4.275 4.21996944034319 
4.29 4.21740113903102 
4.305 4.21483283771886 
4.32 4.21226453640669 
4.335 4.20969623509453 
4.35 4.20712793378236 
4.365 4.2045596324702 
4.38 4.20199133115803 
4.395 4.19942302984587 
4.41 4.1968547285337 
4.425 4.19428642722154 
4.44 4.19171812590938 
4.455 4.18914982459721 
4.47 4.18658152328504 
4.485 4.18401322197288 
4.5 4.18144492066072 
4.515 4.17887661934855 
4.53 4.17630831803639 
4.545 4.17374001672422 
4.56 4.17117171541206 
4.575 4.16860341409989 
4.59 4.16603511278773 
4.605 4.16346681147556 
4.62 4.1608985101634 
4.635 4.15833020885123 
4.65 4.15576190753907 
4.665 4.1531936062269 
4.68 4.15062530491474 
4.695 4.14805700360257 
4.71 4.14548870229041 
4.725 4.14292040097824 
4.73999999999999 4.14035209966608 
4.75499999999999 4.13778379835391 
4.76999999999999 4.13521549704175 
4.78499999999999 4.13264719572958 
4.79999999999999 4.13007889441742 
4.81499999999999 4.12751059310525 
4.82999999999999 4.12494229179309 
4.84499999999999 4.12237399048092 
4.85999999999999 4.11980568916876 
4.87499999999999 4.11723738785659 
4.88999999999999 4.11466908654443 
4.90499999999999 4.11210078523226 
4.91999999999999 4.1095324839201 
4.93499999999999 4.10696418260794 
4.94999999999999 4.10439588129577 
4.96499999999999 4.10182757998361 
4.97999999999999 4.09925927867144 
4.99499999999999 4.09669097735928 
5.00999999999999 4.09412267604711 
5.02499999999999 4.09155437473495 
5.03999999999999 4.08898607342278 
5.05499999999999 4.08641777211062 
5.06999999999999 4.08384947079845 
5.08499999999999 4.08128116948629 
5.09999999999999 4.07871286817412 
5.11499999999999 4.07614456686196 
5.12999999999999 4.07357626554979 
5.14499999999999 4.07100796423763 
5.15999999999999 4.06843966292546 
5.17499999999999 4.0658713616133 
5.18999999999999 4.06330306030113 
5.20499999999998 4.06073475898897 
5.21999999999998 4.0581664576768 
5.23499999999998 4.05559815636464 
5.24999999999998 4.05302985505247 
5.26499999999998 4.05046155374031 
5.27999999999998 4.04789325242814 
5.29499999999998 4.04532495111598 
5.30999999999998 4.04275664980381 
5.32499999999998 4.04018834849165 
5.33999999999998 4.03762004717948 
5.35499999999998 4.03505174586732 
5.36999999999998 4.03248344455515 
5.38499999999998 4.02991514324299 
5.39999999999998 4.02734684193083 
5.41499999999998 4.02477854061866 
5.42999999999998 4.0222102393065 
5.44499999999998 4.01964193799433 
5.45999999999998 4.01707363668217 
5.47499999999998 4.01450533537 
5.48999999999998 4.01193703405784 
5.50499999999998 4.00936873274567 
5.51999999999998 4.00680043143351 
5.53499999999998 4.00423213012134 
5.54999999999998 4.00166382880918 
5.56499999999998 3.99909552749701 
5.57999999999998 3.99652722618485 
5.59499999999998 3.99395892487268 
5.60999999999998 3.99139062356052 
5.62499999999998 3.98882232224835 
5.63999999999998 3.98625402093619 
5.65499999999998 3.98368571962402 
5.66999999999998 3.98111741831186 
5.68499999999997 3.97854911699969 
5.69999999999997 3.97598081568753 
5.71499999999997 3.97341251437536 
5.72999999999997 3.9708442130632 
5.74499999999997 3.96827591175103 
5.75999999999997 3.96570761043887 
5.77499999999997 3.9631393091267 
5.78999999999997 3.96057100781454 
5.80499999999997 3.95800270650237 
5.81999999999997 3.95543440519021 
5.83499999999997 3.95286610387805 
5.84999999999997 3.95029780256588 
5.86499999999997 3.94772950125372 
5.87999999999997 3.94516119994155 
5.89499999999997 3.94259289862939 
5.90999999999997 3.94002459731722 
5.92499999999997 3.93745629600506 
5.93999999999997 3.93488799469289 
5.95499999999997 3.93231969338073 
5.96999999999997 3.92975139206856 
5.98499999999997 3.9271830907564 
5.99999999999997 3.92461478944423 
6.01499999999997 3.92204648813207 
6.02999999999997 3.9194781868199 
6.04499999999997 3.91690988550774 
6.05999999999997 3.91434158419557 
6.07499999999997 3.91177328288341 
6.08999999999997 3.90920498157124 
6.10499999999997 3.90663668025908 
6.11999999999997 3.90406837894691 
6.13499999999997 3.90150007763475 
6.14999999999996 3.89893177632258 
6.16499999999996 3.89636347501042 
6.17999999999996 3.89379517369825 
6.19499999999996 3.89122687238609 
6.20999999999996 3.88865857107392 
6.22499999999996 3.88609026976176 
6.23999999999996 3.88352196844959 
6.25499999999996 3.88095366713743 
6.26999999999996 3.87838536582526 
6.28499999999996 3.8758170645131 
6.29999999999996 3.87324876320093 
6.31499999999996 3.87068046188877 
6.32999999999996 3.86811216057661 
6.34499999999996 3.86554385926444 
6.35999999999996 3.86297555795228 
6.37499999999996 3.86040725664011 
6.38999999999996 3.85783895532795 
6.40499999999996 3.85527065401578 
6.41999999999996 3.85270235270362 
6.43499999999996 3.85013405139145 
6.44999999999996 3.84756575007929 
6.46499999999996 3.84499744876712 
6.47999999999996 3.84242914745496 
6.49499999999996 3.83986084614279 
6.50999999999996 3.83729254483063 
6.52499999999996 3.83472424351846 
6.53999999999996 3.8321559422063 
6.55499999999996 3.82958764089413 
6.56999999999996 3.82701933958197 
6.58499999999996 3.8244510382698 
6.59999999999996 3.82188273695764 
6.61499999999995 3.81931443564547 
6.62999999999995 3.81674613433331 
6.64499999999995 3.81417783302114 
6.65999999999995 3.81160953170898 
6.67499999999995 3.80904123039681 
6.68999999999995 3.80647292908465 
6.70499999999995 3.80390462777248 
6.71999999999995 3.80133632646032 
6.73499999999995 3.79876802514815 
6.74999999999995 3.79619972383599 
6.76499999999995 3.79363142252383 
6.77999999999995 3.79106312121166 
6.79499999999995 3.78849481989949 
6.80999999999995 3.78592651858733 
6.82499999999995 3.78335821727517 
6.83999999999995 3.780789915963 
6.85499999999995 3.77822161465084 
6.86999999999995 3.77565331333867 
6.88499999999995 3.77308501202651 
6.89999999999995 3.77051671071434 
6.91499999999995 3.76794840940218 
6.92999999999995 3.76538010809001 
6.94499999999995 3.76281180677785 
6.95999999999995 3.76024350546568 
6.97499999999995 3.75767520415352 
6.98999999999995 3.75510690284135 
7.00499999999995 3.75253860152919 
7.01999999999995 3.74997030021702 
7.03499999999995 3.74740199890486 
7.04999999999995 3.74483369759269 
7.06499999999995 3.74226539628053 
7.07999999999995 3.73969709496836 
7.09499999999994 3.7371287936562 
7.10999999999994 3.73456049234403 
7.12499999999994 3.73199219103187 
7.13999999999994 3.7294238897197 
7.15499999999994 3.72685558840754 
7.16999999999994 3.72428728709537 
7.18499999999994 3.72171898578321 
7.19999999999994 3.71915068447104 
7.21499999999994 3.71658238315888 
7.22999999999994 3.71401408184671 
7.24499999999994 3.71144578053455 
7.25999999999994 3.70887747922239 
7.27499999999994 3.70630917791022 
7.28999999999994 3.70374087659806 
7.30499999999994 3.70117257528589 
7.31999999999994 3.69860427397373 
7.33499999999994 3.69603597266156 
7.34999999999994 3.6934676713494 
7.36499999999994 3.69089937003723 
7.37999999999994 3.68833106872507 
7.39499999999994 3.6857627674129 
7.40999999999994 3.68319446610074 
7.42499999999994 3.68062616478857 
7.43999999999994 3.67805786347641 
7.45499999999994 3.67548956216424 
7.46999999999994 3.67292126085208 
7.48499999999994 3.67035295953991 
7.49999999999994 3.66778465822775 
7.51499999999994 3.66521635691558 
7.52999999999994 3.66264805560342 
7.54499999999994 3.66007975429125 
7.55999999999993 3.65751145297909 
7.57499999999993 3.65494315166692 
7.58999999999993 3.65237485035476 
7.60499999999993 3.64980654904259 
7.61999999999993 3.64723824773043 
7.63499999999993 3.64466994641826 
7.64999999999993 3.6421016451061 
7.66499999999993 3.63953334379393 
7.67999999999993 3.63696504248177 
7.69499999999993 3.6343967411696 
7.70999999999993 3.63182843985744 
7.72499999999993 3.62926013854528 
7.73999999999993 3.62669183723311 
7.75499999999993 3.62412353592095 
7.76999999999993 3.62155523460878 
7.78499999999993 3.61898693329662 
7.79999999999993 3.61641863198445 
7.81499999999993 3.61385033067229 
7.82999999999993 3.61128202936012 
7.84499999999993 3.60871372804796 
7.85999999999993 3.60614542673579 
7.87499999999993 3.60357712542363 
7.88999999999993 3.60100882411146 
7.90499999999993 3.5984405227993 
7.91999999999993 3.59587222148713 
7.93499999999993 3.59330392017497 
7.94999999999993 3.5907356188628 
7.96499999999993 3.58816731755064 
7.97999999999993 3.58559901623847 
7.99499999999993 3.58303071492631 
8.00999999999993 3.58046241361414 
8.02499999999993 3.57789411230198 
8.03999999999993 3.57532581098981 
8.05499999999993 3.57275750967765 
8.06999999999993 3.57018920836548 
8.08499999999993 3.56762090705332 
8.09999999999993 3.56505260574115 
8.11499999999993 3.56248430442899 
8.12999999999993 3.55991600311682 
8.14499999999993 3.55734770180466 
8.15999999999993 3.55477940049249 
8.17499999999993 3.55221109918033 
8.18999999999993 3.54964279786816 
8.20499999999993 3.547074496556 
8.21999999999993 3.54450619524383 
8.23499999999993 3.54193789393167 
8.24999999999993 3.5393695926195 
8.26499999999993 3.53680129130734 
8.27999999999994 3.53423298999517 
8.29499999999994 3.53166468868301 
8.30999999999994 3.52909638737084 
8.32499999999994 3.52652808605868 
8.33999999999994 3.52395978474651 
8.35499999999994 3.52139148343435 
8.36999999999994 3.51882318212218 
8.38499999999994 3.51625488081002 
8.39999999999994 3.51368657949785 
8.41499999999994 3.51111827818569 
8.42999999999994 3.50854997687352 
8.44499999999994 3.50598167556136 
8.45999999999994 3.50341337424919 
8.47499999999994 3.50084507293703 
8.48999999999994 3.49827677162486 
8.50499999999994 3.4957084703127 
8.51999999999994 3.49314016900053 
8.53499999999995 3.49057186768837 
8.54999999999995 3.4880035663762 
8.56499999999995 3.48543526506404 
8.57999999999995 3.48286696375187 
8.59499999999995 3.48029866243971 
8.60999999999995 3.47773036112754 
8.62499999999995 3.47516205981538 
8.63999999999995 3.47259375850321 
8.65499999999995 3.47002545719105 
8.66999999999995 3.46745715587888 
8.68499999999995 3.46488885456672 
8.69999999999995 3.46232055325455 
8.71499999999995 3.45975225194239 
8.72999999999995 3.45718395063022 
8.74499999999995 3.45461564931806 
8.75999999999995 3.45204734800589 
8.77499999999995 3.44947904669373 
8.78999999999995 3.44691074538156 
8.80499999999996 3.4443424440694 
8.81999999999996 3.44177414275723 
8.83499999999996 3.43920584144507 
8.84999999999996 3.4366375401329 
8.86499999999996 3.43406923882074 
8.87999999999996 3.43150093750857 
8.89499999999996 3.42893263619641 
8.90999999999996 3.42636433488424 
8.92499999999996 3.42379603357208 
8.93999999999996 3.42122773225991 
8.95499999999996 3.41865943094775 
8.96999999999996 3.41609112963558 
8.98499999999996 3.41352282832342 
8.99999999999996 3.41095452701125 
9.01499999999996 3.40838622569909 
9.02999999999996 3.40581792438692 
9.04499999999996 3.40324962307476 
9.05999999999996 3.40068132176259 
9.07499999999997 3.39811302045043 
9.08999999999997 3.39554471913826 
9.10499999999997 3.3929764178261 
9.11999999999997 3.39040811651393 
9.13499999999997 3.38783981520177 
9.14999999999997 3.3852715138896 
9.16499999999997 3.38270321257744 
9.17999999999997 3.38013491126527 
9.19499999999997 3.37756660995311 
9.20999999999997 3.37499830864094 
9.22499999999997 3.37243000732878 
9.23999999999997 3.36986170601661 
9.25499999999997 3.36729340470445 
9.26999999999997 3.36472510339228 
9.28499999999997 3.36215680208012 
9.29999999999997 3.35958850076795 
9.31499999999997 3.35702019945579 
9.32999999999998 3.35445189814362 
9.34499999999998 3.35188359683146 
9.35999999999998 3.34931529551929 
9.37499999999998 3.34674699420713 
9.38999999999998 3.34417869289496 
9.40499999999998 3.3416103915828 
9.41999999999998 3.33904209027063 
9.43499999999998 3.33647378895847 
9.44999999999998 3.3339054876463 
9.46499999999998 3.33133718633414 
9.47999999999998 3.32876888502197 
9.49499999999998 3.32620058370981 
9.50999999999998 3.32363228239764 
9.52499999999998 3.32106398108548 
9.53999999999998 3.31849567977331 
9.55499999999998 3.31592737846115 
9.56999999999998 3.31335907714898 
9.58499999999998 3.31079077583682 
9.59999999999999 3.30822247452465 
9.61499999999999 3.30565417321249 
9.62999999999999 3.30308587190032 
9.64499999999999 3.30051757058816 
9.65999999999999 3.29794926927599 
9.67499999999999 3.29538096796383 
9.68999999999999 3.29281266665166 
9.70499999999999 3.2902443653395 
9.71999999999999 3.28767606402733 
9.73499999999999 3.28510776271517 
9.74999999999999 3.282539461403 
9.76499999999999 3.27997116009084 
9.77999999999999 3.27740285877867 
9.79499999999999 3.27483455746651 
9.80999999999999 3.27226625615434 
9.82499999999999 3.26969795484218 
9.83999999999999 3.26712965353001 
9.855 3.26456135221785 
9.87 3.26199305090568 
9.885 3.25942474959352 
9.9 3.25685644828136 
9.915 3.25428814696919 
9.93 3.25171984565702 
9.945 3.24915154434486 
9.96 3.24658324303269 
9.975 3.24401494172053 
9.99 3.24144664040836 
10.005 3.2388783390962 
10.02 3.23631003778404 
10.035 3.23374173647187 
10.05 3.2311734351597 
10.065 3.22860513384754 
10.08 3.22603683253537 
10.095 3.22346853122321 
10.11 3.22090022991105 
10.125 3.21833192859888 
10.14 3.21576362728671 
10.155 3.21319532597455 
10.17 3.21062702466239 
10.185 3.20805872335022 
10.2 3.20549042203806 
10.215 3.20292212072589 
10.23 3.20035381941373 
10.245 3.19778551810156 
10.26 3.19521721678939 
10.275 3.19264891547723 
10.29 3.19008061416507 
10.305 3.1875123128529 
10.32 3.18494401154074 
10.335 3.18237571022857 
10.35 3.17980740891641 
10.365 3.17723910760424 
10.38 3.17467080629208 
10.395 3.17210250497991 
10.41 3.16953420366775 
10.425 3.16696590235558 
10.44 3.16439760104342 
10.455 3.16182929973125 
10.47 3.15926099841909 
10.485 3.15669269710692 
10.5 3.15412439579476 
10.515 3.15155609448259 
10.53 3.14898779317043 
10.545 3.14641949185826 
10.56 3.1438511905461 
10.575 3.14128288923393 
10.59 3.13871458792177 
10.605 3.1361462866096 
10.62 3.13357798529744 
10.635 3.13100968398527 
10.65 3.12844138267311 
10.665 3.12587308136094 
10.68 3.12330478004878 
10.695 3.12073647873661 
10.71 3.11816817742445 
10.725 3.11559987611228 
10.74 3.11303157480012 
10.755 3.11046327348795 
10.77 3.10789497217579 
10.785 3.10532667086362 
10.8 3.10275836955146 
10.815 3.10019006823929 
10.83 3.09762176692713 
10.845 3.09505346561496 
10.86 3.0924851643028 
10.875 3.08991686299063 
10.89 3.08734856167847 
10.905 3.0847802603663 
10.92 3.08221195905414 
10.935 3.07964365774197 
10.95 3.07707535642981 
10.965 3.07450705511764 
10.98 3.07193875380548 
10.995 3.06937045249331 
11.01 3.06680215118115 
11.025 3.06423384986898 
11.04 3.06166554855682 
11.055 3.05909724724465 
11.07 3.05652894593249 
11.085 3.05396064462032 
11.1 3.05139234330816 
11.115 3.04882404199599 
11.13 3.04625574068383 
11.145 3.04368743937166 
11.16 3.0411191380595 
11.175 3.03855083674733 
11.19 3.03598253543517 
11.205 3.033414234123 
11.22 3.03084593281084 
11.235 3.02827763149867 
11.25 3.02570933018651 
11.265 3.02314102887434 
11.28 3.02057272756218 
11.295 3.01800442625001 
11.3100000000001 3.01543612493785 
11.3250000000001 3.01286782362568 
11.3400000000001 3.01029952231352 
11.3550000000001 3.00773122100135 
11.3700000000001 3.00516291968919 
11.3850000000001 3.00259461837702 
11.4000000000001 3.00002631706486 
11.4150000000001 2.99745801575269 
11.4300000000001 2.99488971444053 
11.4450000000001 2.99232141312836 
11.4600000000001 2.9897531118162 
11.4750000000001 2.98718481050403 
11.4900000000001 2.98461650919187 
11.5050000000001 2.9820482078797 
11.5200000000001 2.97947990656754 
11.5350000000001 2.97691160525537 
11.5500000000001 2.97434330394321 
11.5650000000001 2.97177500263104 
11.5800000000001 2.96920670131888 
11.5950000000001 2.96663840000671 
11.6100000000001 2.96407009869455 
11.6250000000001 2.96150179738238 
11.6400000000001 2.95893349607022 
11.6550000000001 2.95636519475805 
11.6700000000001 2.95379689344589 
11.6850000000001 2.95122859213372 
11.7000000000001 2.94866029082156 
11.7150000000001 2.94609198950939 
11.7300000000001 2.94352368819723 
11.7450000000001 2.94095538688506 
11.7600000000001 2.9383870855729 
11.7750000000001 2.93581878426073 
11.7900000000001 2.93325048294857 
11.8050000000001 2.9306821816364 
11.8200000000001 2.92811388032424 
11.8350000000001 2.92554557901207 
11.8500000000001 2.92297727769991 
11.8650000000001 2.92040897638774 
11.8800000000001 2.91784067507558 
11.8950000000001 2.91527237376341 
11.9100000000001 2.91270407245125 
11.9250000000001 2.91013577113908 
11.9400000000001 2.90756746982692 
11.9550000000001 2.90499916851475 
11.9700000000001 2.90243086720259 
11.9850000000001 2.89986256589042 
12.0000000000001 2.89729426457826 
12.0150000000001 2.89472596326609 
12.0300000000001 2.89215766195393 
12.0450000000001 2.88958936064176 
12.0600000000001 2.8870210593296 
12.0750000000001 2.88445275801743 
12.0900000000001 2.88188445670527 
12.1050000000001 2.8793161553931 
12.1200000000001 2.87674785408094 
12.1350000000001 2.87417955276877 
12.1500000000001 2.87161125145661 
12.1650000000001 2.86904295014444 
12.1800000000001 2.86647464883228 
12.1950000000001 2.86390634752011 
12.2100000000001 2.86133804620795 
12.2250000000001 2.85876974489578 
12.2400000000001 2.85620144358362 
12.2550000000001 2.85363314227145 
12.2700000000001 2.85106484095929 
12.2850000000001 2.84849653964712 
12.3000000000001 2.84592823833496 
12.3150000000001 2.84335993702279 
12.3300000000001 2.84079163571063 
12.3450000000001 2.83822333439846 
12.3600000000001 2.8356550330863 
12.3750000000001 2.83308673177413 
12.3900000000001 2.83051843046197 
12.4050000000001 2.8279501291498 
12.4200000000001 2.82538182783764 
12.4350000000001 2.82281352652547 
12.4500000000001 2.82024522521331 
12.4650000000001 2.81767692390114 
12.4800000000001 2.81510862258898 
12.4950000000001 2.81254032127681 
12.5100000000001 2.80997201996465 
12.5250000000001 2.80740371865248 
12.5400000000001 2.80483541734032 
12.5550000000001 2.80226711602815 
12.5700000000001 2.79969881471599 
12.5850000000001 2.79713051340382 
12.6000000000001 2.79456221209166 
12.6150000000001 2.79199391077949 
12.6300000000001 2.78942560946733 
12.6450000000001 2.78685730815516 
12.6600000000001 2.784289006843 
12.6750000000001 2.78172070553083 
12.6900000000001 2.77915240421867 
12.7050000000001 2.7765841029065 
12.7200000000001 2.77401580159434 
12.7350000000001 2.77144750028217 
12.7500000000001 2.76887919897001 
12.7650000000001 2.76631089765784 
12.7800000000001 2.76374259634568 
12.7950000000001 2.76117429503351 
12.8100000000001 2.75860599372135 
12.8250000000001 2.75603769240918 
12.8400000000001 2.75346939109702 
12.8550000000001 2.75090108978485 
12.8700000000001 2.74833278847269 
12.8850000000001 2.74576448716052 
12.9000000000001 2.74319618584836 
12.9150000000001 2.74062788453619 
12.9300000000001 2.73805958322403 
12.9450000000001 2.73549128191186 
12.9600000000001 2.7329229805997 
12.9750000000001 2.73035467928753 
12.9900000000001 2.72778637797537 
13.0050000000001 2.7252180766632 
13.0200000000001 2.72264977535104 
13.0350000000001 2.72008147403887 
13.0500000000001 2.71751317272671 
13.0650000000001 2.71494487141454 
13.0800000000001 2.71237657010238 
13.0950000000001 2.70980826879021 
13.1100000000001 2.70723996747805 
13.1250000000001 2.70467166616588 
13.1400000000001 2.70210336485372 
13.1550000000001 2.69953506354155 
13.1700000000001 2.69696676222939 
13.1850000000001 2.69439846091722 
13.2000000000001 2.69183015960506 
13.2150000000001 2.68926185829289 
13.2300000000001 2.68669355698073 
13.2450000000001 2.68412525566856 
13.2600000000001 2.6815569543564 
13.2750000000001 2.67898865304423 
13.2900000000001 2.67642035173207 
13.3050000000001 2.6738520504199 
13.3200000000001 2.67128374910774 
13.3350000000001 2.66871544779557 
13.3500000000001 2.66614714648341 
13.3650000000001 2.66357884517124 
13.3800000000001 2.66101054385908 
13.3950000000001 2.65844224254691 
13.4100000000001 2.65587394123475 
13.4250000000001 2.65330563992258 
13.4400000000001 2.65073733861042 
13.4550000000001 2.64816903729825 
13.4700000000001 2.64560073598609 
13.4850000000001 2.64303243467392 
13.5000000000001 2.64046413336176 
13.5150000000001 2.63789583204959 
13.5300000000001 2.63532753073743 
13.5450000000001 2.63275922942526 
13.5600000000001 2.6301909281131 
13.5750000000001 2.62762262680093 
13.5900000000001 2.62505432548877 
13.6050000000001 2.6224860241766 
13.6200000000001 2.61991772286444 
13.6350000000001 2.61734942155227 
13.6500000000001 2.61478112024011 
13.6650000000001 2.61221281892794 
13.6800000000001 2.60964451761578 
13.6950000000001 2.60707621630361 
13.7100000000001 2.60450791499145 
13.7250000000001 2.60193961367928 
13.7400000000001 2.59937131236712 
13.7550000000001 2.59680301105495 
13.7700000000001 2.59423470974279 
13.7850000000001 2.59166640843062 
13.8000000000001 2.58909810711846 
13.8150000000001 2.58652980580629 
13.8300000000001 2.58396150449413 
13.8450000000001 2.58139320318196 
13.8600000000001 2.5788249018698 
13.8750000000001 2.57625660055763 
13.8900000000001 2.57368829924547 
13.9050000000001 2.5711199979333 
13.9200000000001 2.56855169662114 
13.9350000000001 2.56598339530897 
13.9500000000002 2.56341509399681 
13.9650000000002 2.56084679268464 
13.9800000000002 2.55827849137248 
13.9950000000002 2.55571019006031 
14.0100000000002 2.55314188874815 
14.0250000000002 2.55057358743598 
14.0400000000002 2.54800528612382 
14.0550000000002 2.54543698481165 
14.0700000000002 2.54286868349949 
14.0850000000002 2.54030038218732 
14.1000000000002 2.53773208087516 
14.1150000000002 2.53516377956299 
14.1300000000002 2.53259547825083 
14.1450000000002 2.53002717693866 
14.1600000000002 2.5274588756265 
14.1750000000002 2.52489057431433 
14.1900000000002 2.52232227300217 
14.2050000000002 2.51975397169 
14.2200000000002 2.51718567037784 
14.2350000000002 2.51461736906567 
14.2500000000002 2.51204906775351 
14.2650000000002 2.50948076644134 
14.2800000000002 2.50691246512918 
14.2950000000002 2.50434416381701 
14.3100000000002 2.50177586250485 
14.3250000000002 2.49920756119268 
14.3400000000002 2.49663925988052 
14.3550000000002 2.49407095856835 
14.3700000000002 2.49150265725619 
14.3850000000002 2.48893435594402 
14.4000000000002 2.48636605463186 
14.4150000000002 2.48379775331969 
14.4300000000002 2.48122945200753 
14.4450000000002 2.47866115069536 
14.4600000000002 2.4760928493832 
14.4750000000002 2.47352454807103 
14.4900000000002 2.47095624675887 
14.5050000000002 2.4683879454467 
14.5200000000002 2.46581964413454 
14.5350000000002 2.46325134282237 
14.5500000000002 2.46068304151021 
14.5650000000002 2.45811474019804 
14.5800000000002 2.45554643888588 
14.5950000000002 2.45297813757371 
14.6100000000002 2.45040983626155 
14.6250000000002 2.44784153494938 
14.6400000000002 2.44527323363722 
14.6550000000002 2.44270493232505 
14.6700000000002 2.44013663101289 
14.6850000000002 2.43756832970072 
14.7000000000002 2.43500002838856 
14.7150000000002 2.43243172707639 
14.7300000000002 2.42986342576423 
14.7450000000002 2.42729512445206 
14.7600000000002 2.4247268231399 
14.7750000000002 2.42215852182773 
14.7900000000002 2.41959022051557 
14.8050000000002 2.4170219192034 
14.8200000000002 2.41445361789124 
14.8350000000002 2.41188531657907 
14.8500000000002 2.40931701526691 
14.8650000000002 2.40674871395474 
14.8800000000002 2.40418041264258 
14.8950000000002 2.40161211133041 
14.9100000000002 2.39904381001825 
14.9250000000002 2.39647550870608 
14.9400000000002 2.39390720739392 
14.9550000000002 2.39133890608175 
14.9700000000002 2.38877060476959 
14.9850000000002 2.38620230345742 


The calculated half-life is ln(2) divided by the linear coefficient of the log plot fit. 
It is 4.04828189712487 days, and the current value is about 3.6 days. 
