--------------------------------Part 1--------------------------------
Initial square matrix M:

         2          0          3          7          2          7          4          9          8          0 
         7          5          3          2          4         10          0          9          0          6 
         4          2          0          0          3          4          6          8         10          3 
         8          9          5          0          8          3          3          3          5          0 
         2          8          0          9          2          9          3          3          3          3 
         1          2          4          9          2         10          0          3          4          8 
         1          7         10          4          3          9         10          3          4          0 
         6          7          3          0          3          6          1          1          8          4 
         1          2          5          6          2          5          4          7          8          8 
         3          0         10          8          9          6          9          7          6          4 

Calculated inverse matrix M^(-1):

     0.115      0.214     -0.455     -0.582      0.313     -0.815     -0.211      0.785     0.0917      0.448 
   -0.0382    -0.0426     0.0578      0.192    -0.0135       0.12     0.0612      -0.19     0.0694     -0.159 
     0.058     0.0218     -0.144    -0.0128    -0.0628    -0.0702     0.0334     0.0751     0.0885     0.0104 
    0.0784      0.033     -0.225     -0.186       0.18     -0.298     -0.106      0.241     0.0839      0.171 
    -0.119     -0.148      0.366      0.456     -0.211      0.617     0.0781     -0.546     -0.183     -0.218 
   -0.0173    -0.0198      0.168     0.0818       -0.1      0.286     0.0859     -0.142     -0.176    -0.0997 
   -0.0474     0.0659    -0.0776     -0.285      0.175     -0.344    -0.0294      0.263     0.0187      0.216 
    0.0348     0.0178      0.072      0.152    -0.0741      0.101     0.0345     -0.227     0.0652     -0.132 
    0.0354    -0.0893     0.0832     0.0981    -0.0759      0.144     0.0144    -0.0514    -0.0128    -0.0832 
    -0.101     0.0356   -0.00345    -0.0822     0.0371    -0.0549    -0.0332      0.065     0.0798     0.0566 

M^(-1) * M:

         1   1.24e-13   6.48e-14      4e-15   8.35e-14   1.05e-13   6.31e-14   8.93e-14   1.09e-13   4.13e-14 
 -2.56e-14          1  -1.49e-14  -2.44e-15  -1.91e-14  -2.49e-14  -1.44e-14  -2.09e-14   -2.5e-14  -9.88e-15 
  9.48e-15   1.05e-14          1   4.16e-16   6.93e-15   8.94e-15   5.07e-15   6.98e-15      9e-15   3.82e-15 
  4.22e-14   4.49e-14   2.31e-14          1   2.98e-14   3.73e-14   2.11e-14   3.13e-14   3.91e-14   1.44e-14 
  -8.4e-14  -9.03e-14  -4.57e-14  -2.66e-15          1  -7.53e-14  -4.33e-14  -6.28e-14  -7.75e-14  -2.98e-14 
 -2.99e-14  -3.23e-14  -1.58e-14   1.11e-15  -2.09e-14          1  -1.53e-14  -2.15e-14  -2.72e-14  -9.55e-15 
   4.6e-14   4.88e-14   2.49e-14      2e-15   3.26e-14    4.2e-14          1   3.57e-14   4.31e-14   1.63e-14 
 -2.49e-14  -2.62e-14   -1.4e-14  -1.78e-15  -1.82e-14  -2.36e-14  -1.33e-14          1  -2.38e-14  -9.44e-15 
 -1.75e-14  -1.89e-14  -9.33e-15  -6.66e-16  -1.25e-14   -1.6e-14  -9.55e-15  -1.34e-14          1  -6.05e-15 
  9.94e-15   1.08e-14   5.33e-15   2.78e-16   6.77e-15   9.27e-15   5.33e-15   7.88e-15   9.49e-15          1 

