0 0 -1 
0.01 0.00958851078 -0.9999520574461 
0.02 0.01917702156 -0.9998082297844 
0.03 0.02876553234 -0.9995685170149 
0.04 0.03835404312 -0.9992329191376 
0.05 0.0479425539 -0.9988014361525 
0.06 0.05753106468 -0.9982740680596 
0.07 0.06711957546 -0.9976508148589 
0.08 0.07670808624 -0.9969316765504 
0.09 0.08629659702 -0.9961166531341 
0.1 0.0958851078 -0.99520574461 
0.11 0.10547361858 -0.9941989509781 
0.12 0.11506212936 -0.9930962722384 
0.13 0.12465064014 -0.9918977083909 
0.14 0.13423915092 -0.9906032594356 
0.15 0.1438276617 -0.9892129253725 
0.16 0.15341617248 -0.9877267062016 
0.17 0.16300468326 -0.9861446019229 
0.18 0.17259319404 -0.9844666125364 
0.19 0.18218170482 -0.9826927380421 
0.2 0.1917702156 -0.98082297844 
0.21 0.20135872638 -0.9788573337301 
0.22 0.21094723716 -0.9767958039124 
0.23 0.22053574794 -0.9746383889869 
0.24 0.23012425872 -0.9723850889536 
0.25 0.2397127695 -0.9700359038125 
0.26 0.24930128028 -0.9675908335636 
0.27 0.25888979106 -0.9650498782069 
0.28 0.26847830184 -0.9624130377424 
0.29 0.27806681262 -0.9596803121701 
0.3 0.2876553234 -0.95685170149 
0.31 0.29724383418 -0.9539272057021 
0.32 0.30683234496 -0.9509068248064 
0.33 0.31642085574 -0.9477905588029 
0.34 0.32600936652 -0.9445784076916 
0.35 0.3355978773 -0.9412703714725 
0.36 0.34518638808 -0.9378664501456 
0.37 0.35477489886 -0.9343666437109 
0.38 0.36436340964 -0.9307709521684 
0.39 0.37395192042 -0.9270793755181 
0.4 0.3835404312 -0.92329191376 
0.41 0.39312894198 -0.9194085668941 
0.42 0.40271745276 -0.9154293349204 
0.43 0.41230596354 -0.9113542178389 
0.44 0.42189447432 -0.9071832156496 
0.45 0.4314829851 -0.9029163283525 
0.46 0.44107149588 -0.8985535559476 
0.47 0.45066000666 -0.8940948984349 
0.48 0.46024851744 -0.8895403558144 
0.49 0.46983702822 -0.8848899280861 
0.5 0.479425539 -0.88014361525 
0.51 0.48666644792 -0.8753131553154 
0.52 0.49390735684 -0.8704102862916 
0.53 0.50114826576 -0.8654350081786 
0.54 0.50838917468 -0.8603873209764 
0.55 0.5156300836 -0.855267224685 
0.56 0.52287099252 -0.8500747193044 
0.57 0.53011190144 -0.8448098048346 
0.58 0.53735281036 -0.8394724812756 
0.59 0.54459371928 -0.8340627486274 
0.6 0.5518346282 -0.82858060689 
0.61 0.55907553712 -0.8230260560634 
0.62 0.56631644604 -0.8173990961476 
0.63 0.57355735496 -0.8116997271426 
0.64 0.58079826388 -0.8059279490484 
0.65 0.5880391728 -0.800083761865 
0.66 0.59528008172 -0.7941671655924 
0.67 0.60252099064 -0.7881781602306 
0.68 0.60976189956 -0.7821167457796 
0.69 0.61700280848 -0.7759829222394 
0.7 0.6242437174 -0.76977668961 
0.71 0.63148462632 -0.7634980478914 
0.72 0.63872553524 -0.7571469970836 
0.73 0.64596644416 -0.7507235371866 
0.74 0.65320735308 -0.7442276682004 
0.75 0.660448262 -0.737659390125 
0.76 0.66768917092 -0.7310187029604 
0.77 0.67493007984 -0.7243056067066 
0.78 0.68217098876 -0.7175201013636 
0.79 0.68941189768 -0.7106621869314 
0.8 0.6966528066 -0.70373186341 
0.81 0.70389371552 -0.6967291307994 
0.820000000000001 0.71113462444 -0.6896539890996 
0.830000000000001 0.71837553336 -0.6825064383106 
0.840000000000001 0.72561644228 -0.6752864784324 
0.850000000000001 0.7328573512 -0.667994109465 
0.860000000000001 0.74009826012 -0.6606293314084 
0.870000000000001 0.74733916904 -0.6531921442626 
0.880000000000001 0.75458007796 -0.6456825480276 
0.890000000000001 0.76182098688 -0.6381005427034 
0.900000000000001 0.7690618958 -0.63044612829 
0.910000000000001 0.77630280472 -0.6227193047874 
0.920000000000001 0.78354371364 -0.6149200721956 
0.930000000000001 0.79078462256 -0.6070484305146 
0.940000000000001 0.79802553148 -0.5991043797444 
0.950000000000001 0.8052664404 -0.591087919885 
0.960000000000001 0.81250734932 -0.5829990509364 
0.970000000000001 0.81974825824 -0.574837772898599 
0.980000000000001 0.82698916716 -0.566604085771599 
0.990000000000001 0.83423007608 -0.558297989555399 
1 0.841470985 -0.549919484249999 
1.01 0.84459146504 -0.541489171999799 
1.02 0.84771194508 -0.533027654949199 
1.03 0.85083242512 -0.524534933098199 
1.04 0.85395290516 -0.516011006446799 
1.05 0.8570733852 -0.507455874994999 
1.06 0.86019386524 -0.498869538742799 
1.07 0.86331434528 -0.490251997690199 
1.08 0.86643482532 -0.481603251837199 
1.09 0.86955530536 -0.472923301183799 
1.1 0.8726757854 -0.464212145729999 
1.11 0.87579626544 -0.455469785475799 
1.12 0.87891674548 -0.446696220421199 
1.13 0.88203722552 -0.437891450566199 
1.14 0.88515770556 -0.429055475910799 
1.15 0.8882781856 -0.420188296454999 
1.16 0.89139866564 -0.411289912198799 
1.17 0.89451914568 -0.402360323142199 
1.18 0.89763962572 -0.393399529285199 
1.19 0.90076010576 -0.384407530627799 
1.2 0.9038805858 -0.375384327169999 
1.21 0.90700106584 -0.366329918911799 
1.22 0.91012154588 -0.357244305853199 
1.23 0.91324202592 -0.348127487994199 
1.24 0.91636250596 -0.338979465334799 
1.25 0.919482986 -0.329800237874999 
1.26 0.92260346604 -0.320589805614799 
1.27 0.92572394608 -0.311348168554199 
1.28 0.92884442612 -0.302075326693199 
1.29 0.93196490616 -0.292771280031799 
1.3 0.9350853862 -0.283436028569999 
1.31 0.93820586624 -0.274069572307799 
1.32 0.94132634628 -0.264671911245199 
1.33 0.94444682632 -0.255243045382199 
1.34 0.94756730636 -0.245782974718799 
1.35 0.9506877864 -0.236291699254999 
1.36 0.95380826644 -0.226769218990799 
1.37 0.95692874648 -0.217215533926199 
1.38 0.96004922652 -0.207630644061199 
1.39 0.96316970656 -0.198014549395799 
1.4 0.9662901866 -0.188367249929999 
1.41 0.96941066664 -0.178688745663799 
1.42 0.97253114668 -0.168979036597199 
1.43 0.97565162672 -0.159238122730199 
1.44 0.97877210676 -0.149466004062799 
1.45 0.9818925868 -0.139662680594999 
1.46 0.98501306684 -0.129828152326799 
1.47 0.98813354688 -0.119962419258199 
1.48 0.99125402692 -0.110065481389199 
1.49 0.99437450696 -0.100137338719799 
1.5 0.997494987 -0.0901779912499989 
1.51 0.9957310358 -0.0802118611359989 
1.52 0.9939670846 -0.0702633705339989 
1.53 0.9922031334 -0.0603325194439989 
1.54 0.9904391822 -0.0504193078659989 
1.55 0.988675231 -0.0405237357999989 
1.56 0.9869112798 -0.0306458032459989 
1.57 0.9851473286 -0.0207855102039989 
1.58 0.9833833774 -0.0109428566739989 
1.59 0.9816194262 -0.0011178426559989 
1.6 0.979855475 0.0086895318500011 
1.61 0.9780915238 0.0184792668440013 
1.62 0.9763275726 0.0282513623260012 
1.63 0.9745636214 0.0380058182960012 
1.64 0.9727996702 0.0477426347540011 
1.65 0.971035719 0.0574618117000012 
1.66 0.9692717678 0.0671633491340011 
1.67 0.9675078166 0.0768472470560011 
1.68 0.9657438654 0.0865135054660011 
1.69 0.9639799142 0.0961621243640012 
1.7 0.962215963 0.105793103750001 
1.71 0.9604520118 0.115406443624001 
1.72 0.9586880606 0.125002143986001 
1.73 0.9569241094 0.134580204836001 
1.74 0.9551601582 0.144140626174001 
1.75 0.953396207 0.153683408000001 
1.76 0.9516322558 0.163208550314001 
1.77 0.9498683046 0.172716053116001 
1.78 0.9481043534 0.182205916406001 
1.79 0.9463404022 0.191678140184001 
1.8 0.944576451 0.201132724450001 
1.81 0.9428124998 0.210569669204001 
1.82 0.9410485486 0.219988974446001 
1.83 0.9392845974 0.229390640176001 
1.84 0.9375206462 0.238774666394001 
1.85 0.935756695 0.248141053100001 
1.86 0.9339927438 0.257489800294001 
1.87 0.9322287926 0.266820907976001 
1.88 0.9304648414 0.276134376146001 
1.89 0.9287008902 0.285430204804001 
1.9 0.926936939 0.294708393950001 
1.91 0.9251729878 0.303968943584001 
1.92 0.9234090366 0.313211853706001 
1.93 0.9216450854 0.322437124316001 
1.94 0.9198811342 0.331644755414001 
1.95 0.918117183 0.340834747000001 
1.96 0.9163532318 0.350007099074001 
1.97 0.9145892806 0.359161811636001 
1.98 0.9128253294 0.368298884686001 
1.99 0.9110613782 0.377418318224001 
2 0.909297426999999 0.386520112250001 
2.01 0.903080921339999 0.395582003991701 
2.02 0.89686441568 0.404581730676801 
2.03 0.89064791002 0.413519292305301 
2.04 0.88443140436 0.4223946888772 
2.05 0.8782148987 0.4312079203925 
2.06 0.87199839304 0.4399589868512 
2.07 0.86578188738 0.4486478882533 
2.08 0.85956538172 0.4572746245988 
2.09 0.85334887606 0.4658391958877 
2.1 0.847132370400001 0.474341602119999 
2.11 0.840915864740001 0.482781843295699 
2.12 0.834699359080001 0.491159919414799 
2.13 0.828482853420001 0.499475830477299 
2.14 0.822266347760001 0.507729576483199 
2.15 0.816049842100001 0.515921157432498 
2.16 0.809833336440001 0.524050573325198 
2.17 0.803616830780001 0.532117824161298 
2.18 0.797400325120002 0.540122909940798 
2.19 0.791183819460002 0.548065830663698 
2.2 0.784967313800002 0.555946586329998 
2.21 0.778750808140002 0.563765176939698 
2.22 0.772534302480002 0.571521602492797 
2.23 0.766317796820002 0.579215862989297 
2.24 0.760101291160002 0.586847958429197 
2.25 0.753884785500003 0.594417888812497 
2.26 0.747668279840003 0.601925654139197 
2.27 0.741451774180003 0.609371254409297 
2.28 0.735235268520003 0.616754689622796 
2.29 0.729018762860003 0.624075959779697 
2.29999999999999 0.722802257200003 0.631335064879996 
2.30999999999999 0.716585751540003 0.638532004923696 
2.31999999999999 0.710369245880003 0.645666779910796 
2.32999999999999 0.704152740220004 0.652739389841296 
2.33999999999999 0.697936234560004 0.659749834715196 
2.34999999999999 0.691719728900004 0.666698114532496 
2.35999999999999 0.685503223240004 0.673584229293196 
2.36999999999999 0.679286717580004 0.680408178997296 
2.37999999999999 0.673070211920004 0.687169963644795 
2.38999999999999 0.666853706260004 0.693869583235695 
2.39999999999999 0.660637200600005 0.700507037769995 
2.40999999999999 0.654420694940005 0.707082327247695 
2.41999999999999 0.648204189280005 0.713595451668795 
2.42999999999999 0.641987683620005 0.720046411033295 
2.43999999999999 0.635771177960005 0.726435205341195 
2.44999999999999 0.629554672300005 0.732761834592495 
2.45999999999999 0.623338166640005 0.739026298787195 
2.46999999999999 0.617121660980005 0.745228597925295 
2.47999999999999 0.610905155320006 0.751368732006795 
2.48999999999999 0.604688649660006 0.757446701031694 
2.49999999999999 0.598472144000006 0.763462504999994 
2.50999999999999 0.589325101280009 0.769401491226394 
2.51999999999999 0.580178058560009 0.775249007025594 
2.52999999999999 0.571031015840009 0.781005052397594 
2.53999999999999 0.561883973120009 0.786669627342394 
2.54999999999999 0.55273693040001 0.792242731859994 
2.55999999999999 0.54358988768001 0.797724365950394 
2.56999999999999 0.53444284496001 0.803114529613594 
2.57999999999999 0.52529580224001 0.808413222849594 
2.58999999999999 0.51614875952001 0.813620445658394 
2.59999999999999 0.50700171680001 0.818736198039994 
2.60999999999999 0.497854674080011 0.823760479994394 
2.61999999999999 0.488707631360011 0.828693291521594 
2.62999999999999 0.479560588640011 0.833534632621594 
2.63999999999999 0.470413545920011 0.838284503294394 
2.64999999999999 0.461266503200012 0.842942903539994 
2.65999999999999 0.452119460480012 0.847509833358394 
2.66999999999999 0.442972417760012 0.851985292749594 
2.67999999999999 0.433825375040012 0.856369281713594 
2.68999999999999 0.424678332320012 0.860661800250394 
2.69999999999999 0.415531289600012 0.864862848359994 
2.70999999999999 0.406384246880013 0.868972426042394 
2.71999999999999 0.397237204160013 0.872990533297594 
2.72999999999999 0.388090161440013 0.876917170125594 
2.73999999999999 0.378943118720013 0.880752336526395 
2.74999999999999 0.369796076000013 0.884496032499994 
2.75999999999999 0.360649033280014 0.888148258046395 
2.76999999999998 0.351501990560014 0.891709013165594 
2.77999999999998 0.342354947840014 0.895178297857595 
2.78999999999998 0.333207905120014 0.898556112122395 
2.79999999999998 0.324060862400014 0.901842455959995 
2.80999999999998 0.314913819680015 0.905037329370395 
2.81999999999998 0.305766776960015 0.908140732353595 
2.82999999999998 0.296619734240015 0.911152664909595 
2.83999999999998 0.287472691520015 0.914073127038395 
2.84999999999998 0.278325648800015 0.916902118739995 
2.85999999999998 0.269178606080016 0.919639640014395 
2.86999999999998 0.260031563360016 0.922285690861596 
2.87999999999998 0.250884520640016 0.924840271281596 
2.88999999999998 0.241737477920016 0.927303381274396 
2.89999999999998 0.232590435200016 0.929675020839996 
2.90999999999998 0.223443392480017 0.931955189978396 
2.91999999999998 0.214296349760017 0.934143888689596 
2.92999999999998 0.205149307040017 0.936241116973596 
2.93999999999998 0.196002264320017 0.938246874830396 
2.94999999999998 0.186855221600017 0.940161162259996 
2.95999999999998 0.177708178880017 0.941983979262397 
2.96999999999998 0.168561136160018 0.943715325837597 
2.97999999999998 0.159414093440018 0.945355201985597 
2.98999999999998 0.150267050720018 0.946903607706397 
2.99999999999998 0.141120008000018 0.948360542999997 
3.00999999999998 0.13128194328002 0.949722552756397 
3.01999999999998 0.12144387856002 0.950986181865597 
3.02999999999998 0.11160581384002 0.952151430327598 
3.03999999999998 0.10176774912002 0.953218298142398 
3.04999999999998 0.0919296844000207 0.954186785309998 
3.05999999999998 0.0820916196800209 0.955056891830398 
3.06999999999998 0.0722535549600211 0.955828617703598 
3.07999999999998 0.0624154902400213 0.956501962929599 
3.08999999999998 0.0525774255200216 0.957076927508399 
3.09999999999998 0.0427393608000218 0.957553511439999 
3.10999999999998 0.032901296080022 0.957931714724399 
3.11999999999998 0.0230632313600222 0.958211537361599 
3.12999999999998 0.0132251666400224 0.9583929793516 
3.13999999999998 0.00338710192002259 0.9584760406944 
3.14999999999998 -0.0064509627999772 0.95846072139 
3.15999999999998 -0.016289027519977 0.9583470214384 
3.16999999999998 -0.0261270922399768 0.9581349408396 
3.17999999999998 -0.0359651569599766 0.957824479593601 
3.18999999999998 -0.0458032216799764 0.957415637700401 
3.19999999999998 -0.0556412863999761 0.956908415160001 
3.20999999999998 -0.0654793511199759 0.956302811972402 
3.21999999999998 -0.0753174158399757 0.955598828137602 
3.22999999999998 -0.0851554805599755 0.954796463655602 
3.23999999999997 -0.0949935452799753 0.953895718526402 
3.24999999999997 -0.104831609999975 0.952896592750003 
3.25999999999997 -0.114669674719975 0.951799086326403 
3.26999999999997 -0.124507739439975 0.950603199255603 
3.27999999999997 -0.134345804159974 0.949308931537604 
3.28999999999997 -0.144183868879974 0.947916283172404 
3.29999999999997 -0.154021933599974 0.946425254160004 
3.30999999999997 -0.163859998319974 0.944835844500404 
3.31999999999997 -0.173698063039974 0.943148054193605 
3.32999999999997 -0.183536127759973 0.941361883239605 
3.33999999999997 -0.193374192479973 0.939477331638405 
3.34999999999997 -0.203212257199973 0.937494399390006 
3.35999999999997 -0.213050321919973 0.935413086494406 
3.36999999999997 -0.222888386639973 0.933233392951606 
3.37999999999997 -0.232726451359972 0.930955318761606 
3.38999999999997 -0.242564516079972 0.928578863924407 
3.39999999999997 -0.252402580799972 0.926104028440007 
3.40999999999997 -0.262240645519972 0.923530812308407 
3.41999999999997 -0.272078710239972 0.920859215529608 
3.42999999999997 -0.281916774959971 0.918089238103608 
3.43999999999997 -0.291754839679971 0.915220880030408 
3.44999999999997 -0.301592904399971 0.912254141310009 
3.45999999999997 -0.311430969119971 0.909189021942409 
3.46999999999997 -0.32126903383997 0.90602552192761 
3.47999999999997 -0.33110709855997 0.90276364126561 
3.48999999999997 -0.34094516327997 0.89940337995641 
3.49999999999997 -0.35078322799997 0.895944738000011 
3.50999999999997 -0.358903613339975 0.892396303793311 
3.51999999999997 -0.367023998679975 0.888766665733211 
3.52999999999997 -0.375144384019975 0.885055823819711 
3.53999999999997 -0.383264769359974 0.881263778052812 
3.54999999999997 -0.391385154699974 0.877390528432512 
3.55999999999997 -0.399505540039974 0.873436074958813 
3.56999999999997 -0.407625925379974 0.869400417631713 
3.57999999999997 -0.415746310719974 0.865283556451213 
3.58999999999997 -0.423866696059974 0.861085491417314 
3.59999999999997 -0.431987081399973 0.856806222530014 
3.60999999999997 -0.440107466739973 0.852445749789314 
3.61999999999997 -0.448227852079973 0.848004073195215 
3.62999999999997 -0.456348237419973 0.843481192747715 
3.63999999999997 -0.464468622759973 0.838877108446815 
3.64999999999997 -0.472589008099973 0.834191820292516 
3.65999999999997 -0.480709393439972 0.829425328284816 
3.66999999999997 -0.488829778779972 0.824577632423717 
3.67999999999997 -0.496950164119972 0.819648732709217 
3.68999999999997 -0.505070549459972 0.814638629141317 
3.69999999999997 -0.513190934799972 0.809547321720018 
3.70999999999996 -0.521311320139972 0.804374810445318 
3.71999999999996 -0.529431705479971 0.799121095317219 
3.72999999999996 -0.537552090819971 0.793786176335719 
3.73999999999996 -0.545672476159971 0.788370053500819 
3.74999999999996 -0.553792861499971 0.78287272681252 
3.75999999999996 -0.561913246839971 0.77729419627082 
3.76999999999996 -0.57003363217997 0.77163446187572 
3.77999999999996 -0.57815401751997 0.765893523627221 
3.78999999999996 -0.58627440285997 0.760071381525321 
3.79999999999996 -0.59439478819997 0.754168035570022 
3.80999999999996 -0.60251517353997 0.748183485761322 
3.81999999999996 -0.61063555887997 0.742117732099223 
3.82999999999996 -0.618755944219969 0.735970774583723 
3.83999999999996 -0.626876329559969 0.729742613214824 
3.84999999999996 -0.634996714899969 0.723433247992524 
3.85999999999996 -0.643117100239969 0.717042678916824 
3.86999999999996 -0.651237485579969 0.710570905987725 
3.87999999999996 -0.659357870919969 0.704017929205225 
3.88999999999996 -0.667478256259968 0.697383748569326 
3.89999999999996 -0.675598641599968 0.690668364080026 
3.90999999999996 -0.683719026939968 0.683871775737327 
3.91999999999996 -0.691839412279968 0.676993983541227 
3.92999999999996 -0.699959797619968 0.670034987491728 
3.93999999999996 -0.708080182959967 0.662994787588828 
3.94999999999996 -0.716200568299967 0.655873383832529 
3.95999999999996 -0.724320953639967 0.648670776222829 
3.96999999999996 -0.732441338979967 0.64138696475973 
3.97999999999996 -0.740561724319967 0.63402194944323 
3.98999999999996 -0.748682109659967 0.626575730273331 
3.99999999999996 -0.756802494999966 0.619048307250031 
4.00999999999996 -0.761217047459982 0.611458209537731 
4.01999999999996 -0.765631599919982 0.603823966300832 
4.02999999999996 -0.770046152379982 0.596145577539332 
4.03999999999996 -0.774460704839982 0.588423043253232 
4.04999999999996 -0.778875257299981 0.580656363442533 
4.05999999999996 -0.783289809759981 0.572845538107233 
4.06999999999996 -0.787704362219981 0.564990567247333 
4.07999999999996 -0.792118914679981 0.557091450862834 
4.08999999999996 -0.796533467139981 0.549148188953734 
4.09999999999996 -0.800948019599981 0.541160781520034 
4.10999999999996 -0.805362572059981 0.533129228561735 
4.11999999999996 -0.809777124519981 0.525053530078835 
4.12999999999996 -0.814191676979981 0.516933686071335 
4.13999999999996 -0.818606229439981 0.508769696539236 
4.14999999999996 -0.823020781899981 0.500561561482536 
4.15999999999996 -0.82743533435998 0.492309280901237 
4.16999999999996 -0.83184988681998 0.484012854795337 
4.17999999999996 -0.83626443927998 0.475672283164837 
4.18999999999996 -0.84067899173998 0.467287566009738 
4.19999999999995 -0.84509354419998 0.458858703330038 
4.20999999999995 -0.84950809665998 0.450385695125739 
4.21999999999995 -0.85392264911998 0.441868541396839 
4.22999999999995 -0.85833720157998 0.433307242143339 
4.23999999999995 -0.86275175403998 0.42470179736524 
4.24999999999995 -0.86716630649998 0.41605220706254 
4.25999999999995 -0.871580858959979 0.40735847123524 
4.26999999999995 -0.875995411419979 0.398620589883341 
4.27999999999995 -0.880409963879979 0.389838563006841 
4.28999999999995 -0.884824516339979 0.381012390605742 
4.29999999999995 -0.889239068799979 0.372142072680042 
4.30999999999995 -0.893653621259979 0.363227609229742 
4.31999999999995 -0.898068173719979 0.354269000254843 
4.32999999999995 -0.902482726179979 0.345266245755343 
4.33999999999995 -0.906897278639979 0.336219345731243 
4.34999999999995 -0.911311831099979 0.327128300182544 
4.35999999999995 -0.915726383559979 0.317993109109244 
4.36999999999995 -0.920140936019978 0.308813772511345 
4.37999999999995 -0.924555488479978 0.299590290388845 
4.38999999999995 -0.928970040939978 0.290322662741746 
4.39999999999995 -0.933384593399978 0.281010889570046 
4.40999999999995 -0.937799145859978 0.271654970873747 
4.41999999999995 -0.942213698319978 0.262254906652847 
4.42999999999995 -0.946628250779978 0.252810696907347 
4.43999999999995 -0.951042803239978 0.243322341637248 
4.44999999999995 -0.955457355699978 0.233789840842548 
4.45999999999995 -0.959871908159978 0.224213194523249 
4.46999999999995 -0.964286460619978 0.214592402679349 
4.47999999999995 -0.968701013079977 0.204927465310849 
4.48999999999995 -0.973115565539977 0.19521838241775 
4.49999999999995 -0.977530117999977 0.18546515400005 
4.50999999999995 -0.977158001140002 0.175691713404351 
4.51999999999995 -0.976785884280002 0.165921993977251 
4.52999999999995 -0.976413767420002 0.156155995718751 
4.53999999999995 -0.976041650560002 0.146393718628851 
4.54999999999995 -0.975669533700002 0.136635162707551 
4.55999999999995 -0.975297416840002 0.126880327954852 
4.56999999999995 -0.974925299980002 0.117129214370752 
4.57999999999995 -0.974553183120002 0.107381821955252 
4.58999999999995 -0.974181066260002 0.0976381507083521 
4.59999999999995 -0.973808949400002 0.0878982006300524 
4.60999999999995 -0.973436832540002 0.0781619717203526 
4.61999999999995 -0.973064715680002 0.0684294639792526 
4.62999999999995 -0.972692598820002 0.0587006774067529 
4.63999999999995 -0.972320481960002 0.0489756120028531 
4.64999999999995 -0.971948365100002 0.0392542677675534 
4.65999999999995 -0.971576248240002 0.0295366447008534 
4.66999999999994 -0.971204131380002 0.0198227428027535 
4.67999999999994 -0.970832014520002 0.0101125620732538 
4.68999999999994 -0.970459897660002 0.000406102512354067 
4.69999999999994 -0.970087780800002 -0.00929663587994578 
4.70999999999994 -0.969715663940002 -0.0189956531036456 
4.71999999999994 -0.969343547080002 -0.0286909491587455 
4.72999999999994 -0.968971430220002 -0.0383825240452452 
4.73999999999994 -0.968599313360002 -0.048070377763145 
4.74999999999994 -0.968227196500002 -0.0577545103124448 
4.75999999999994 -0.967855079640002 -0.0674349216931447 
4.76999999999994 -0.967482962780002 -0.0771116119052445 
4.77999999999994 -0.967110845920002 -0.0867845809487443 
4.78999999999994 -0.966738729060002 -0.0964538288236442 
4.79999999999994 -0.966366612200002 -0.106119355529944 
4.80999999999994 -0.965994495340002 -0.115781161067644 
4.81999999999994 -0.965622378480002 -0.125439245436744 
4.82999999999994 -0.965250261620002 -0.135093608637243 
4.83999999999994 -0.964878144760002 -0.144744250669143 
4.84999999999994 -0.964506027900002 -0.154391171532443 
4.85999999999994 -0.964133911040002 -0.164034371227143 
4.86999999999994 -0.963761794180002 -0.173673849753243 
4.87999999999994 -0.963389677320002 -0.183309607110743 
4.88999999999994 -0.963017560460002 -0.192941643299642 
4.89999999999994 -0.962645443600002 -0.202569958319942 
4.90999999999994 -0.962273326740002 -0.212194552171642 
4.91999999999994 -0.961901209880002 -0.221815424854742 
4.92999999999994 -0.961529093020002 -0.231432576369242 
4.93999999999994 -0.961156976160002 -0.241046006715141 
4.94999999999994 -0.960784859300002 -0.250655715892441 
4.95999999999994 -0.960412742440002 -0.260261703901141 
4.96999999999994 -0.960040625580002 -0.269863970741241 
4.97999999999994 -0.959668508720002 -0.279462516412741 
4.98999999999994 -0.959296391860002 -0.289057340915641 
4.99999999999994 -0.958924275000002 -0.29864844424994 
5.00999999999994 -0.953856596020032 -0.30821234860504 
5.01999999999994 -0.948788917040032 -0.317725576170341 
5.02999999999994 -0.943721238060032 -0.327188126945841 
5.03999999999994 -0.938653559080032 -0.336600000931541 
5.04999999999994 -0.933585880100032 -0.345961198127441 
5.05999999999994 -0.928518201120032 -0.355271718533541 
5.06999999999994 -0.923450522140032 -0.364531562149841 
5.07999999999994 -0.918382843160032 -0.373740728976341 
5.08999999999994 -0.913315164180032 -0.382899219013041 
5.09999999999994 -0.908247485200033 -0.392007032259941 
5.10999999999994 -0.903179806220033 -0.401064168717042 
5.11999999999994 -0.898112127240033 -0.410070628384342 
5.12999999999994 -0.893044448260033 -0.419026411261842 
5.13999999999993 -0.887976769280033 -0.427931517349542 
5.14999999999993 -0.882909090300033 -0.436785946647442 
5.15999999999993 -0.877841411320033 -0.445589699155542 
5.16999999999993 -0.872773732340033 -0.454342774873842 
5.17999999999993 -0.867706053360033 -0.463045173802343 
5.18999999999993 -0.862638374380034 -0.471696895941043 
5.19999999999993 -0.857570695400034 -0.480297941289943 
5.20999999999993 -0.852503016420034 -0.488848309849043 
5.21999999999993 -0.847435337440034 -0.497348001618343 
5.22999999999993 -0.842367658460034 -0.505797016597843 
5.23999999999993 -0.837299979480034 -0.514195354787544 
5.24999999999993 -0.832232300500034 -0.522543016187444 
5.25999999999993 -0.827164621520034 -0.530840000797544 
5.26999999999993 -0.822096942540034 -0.539086308617844 
5.27999999999993 -0.817029263560035 -0.547281939648344 
5.28999999999993 -0.811961584580035 -0.555426893889044 
5.29999999999993 -0.806893905600035 -0.563521171339945 
5.30999999999993 -0.801826226620035 -0.571564772001045 
5.31999999999993 -0.796758547640035 -0.579557695872345 
5.32999999999993 -0.791690868660035 -0.587499942953845 
5.33999999999993 -0.786623189680035 -0.595391513245545 
5.34999999999993 -0.781555510700035 -0.603232406747445 
5.35999999999993 -0.776487831720035 -0.611022623459546 
5.36999999999993 -0.771420152740036 -0.618762163381846 
5.37999999999993 -0.766352473760036 -0.626451026514346 
5.38999999999993 -0.761284794780036 -0.634089212857046 
5.39999999999993 -0.756217115800036 -0.641676722409946 
5.40999999999993 -0.751149436820036 -0.649213555173047 
5.41999999999993 -0.746081757840036 -0.656699711146347 
5.42999999999993 -0.741014078860036 -0.664135190329847 
5.43999999999993 -0.735946399880036 -0.671519992723547 
5.44999999999993 -0.730878720900036 -0.678854118327447 
5.45999999999993 -0.725811041920037 -0.686137567141548 
5.46999999999993 -0.720743362940037 -0.693370339165848 
5.47999999999993 -0.715675683960037 -0.700552434400348 
5.48999999999993 -0.710608004980037 -0.707683852845048 
5.49999999999993 -0.705540326000037 -0.714764594499949 
5.50999999999993 -0.697017829440062 -0.721777385277149 
5.51999999999993 -0.688495332880062 -0.72870495108875 
5.52999999999993 -0.679972836320063 -0.73554729193475 
5.53999999999993 -0.671450339760063 -0.742304407815151 
5.54999999999993 -0.662927843200063 -0.748976298729951 
5.55999999999993 -0.654405346640063 -0.755562964679152 
5.56999999999993 -0.645882850080063 -0.762064405662752 
5.57999999999993 -0.637360353520064 -0.768480621680752 
5.58999999999993 -0.628837856960064 -0.774811612733153 
5.59999999999993 -0.620315360400064 -0.781057378819954 
5.60999999999992 -0.611792863840064 -0.787217919941154 
5.61999999999992 -0.603270367280064 -0.793293236096755 
5.62999999999992 -0.594747870720064 -0.799283327286755 
5.63999999999992 -0.586225374160065 -0.805188193511156 
5.64999999999992 -0.577702877600065 -0.811007834769956 
5.65999999999992 -0.569180381040065 -0.816742251063157 
5.66999999999992 -0.560657884480065 -0.822391442390757 
5.67999999999992 -0.552135387920065 -0.827955408752758 
5.68999999999992 -0.543612891360066 -0.833434150149158 
5.69999999999992 -0.535090394800066 -0.838827666579959 
5.70999999999992 -0.526567898240066 -0.844135958045159 
5.71999999999992 -0.518045401680066 -0.84935902454476 
5.72999999999992 -0.509522905120066 -0.85449686607876 
5.73999999999992 -0.501000408560066 -0.859549482647161 
5.74999999999992 -0.492477912000067 -0.864516874249961 
5.75999999999992 -0.483955415440067 -0.869399040887162 
5.76999999999992 -0.475432918880067 -0.874195982558763 
5.77999999999992 -0.466910422320067 -0.878907699264763 
5.78999999999992 -0.458387925760067 -0.883534191005164 
5.79999999999992 -0.449865429200068 -0.888075457779964 
5.80999999999992 -0.441342932640068 -0.892531499589165 
5.81999999999992 -0.432820436080068 -0.896902316432766 
5.82999999999992 -0.424297939520068 -0.901187908310766 
5.83999999999992 -0.415775442960068 -0.905388275223167 
5.84999999999992 -0.407252946400068 -0.909503417169967 
5.85999999999992 -0.398730449840069 -0.913533334151168 
5.86999999999992 -0.390207953280069 -0.917478026166769 
5.87999999999992 -0.381685456720069 -0.921337493216769 
5.88999999999992 -0.373162960160069 -0.92511173530117 
5.89999999999992 -0.364640463600069 -0.92880075241997 
5.90999999999992 -0.35611796704007 -0.932404544573171 
5.91999999999992 -0.34759547048007 -0.935923111760772 
5.92999999999992 -0.33907297392007 -0.939356453982772 
5.93999999999992 -0.33055047736007 -0.942704571239173 
5.94999999999992 -0.32202798080007 -0.945967463529973 
5.95999999999992 -0.31350548424007 -0.949145130855174 
5.96999999999992 -0.304982987680071 -0.952237573214775 
5.97999999999992 -0.296460491120071 -0.955244790608775 
5.98999999999992 -0.287937994560071 -0.958166783037176 
5.99999999999992 -0.279415498000071 -0.961003550499977 
6.00999999999992 -0.269524788280083 -0.963748251931377 
6.01999999999992 -0.259634078560083 -0.966394046265578 
6.02999999999992 -0.249743368840083 -0.968940933502579 
6.03999999999992 -0.239852659120083 -0.97138891364238 
6.04999999999992 -0.229961949400084 -0.973737986684981 
6.05999999999992 -0.220071239680084 -0.975988152630381 
6.06999999999992 -0.210180529960084 -0.978139411478582 
6.07999999999991 -0.200289820240084 -0.980191763229583 
6.08999999999991 -0.190399110520084 -0.982145207883384 
6.09999999999991 -0.180508400800085 -0.983999745439984 
6.10999999999991 -0.170617691080085 -0.985755375899385 
6.11999999999991 -0.160726981360085 -0.987412099261586 
6.12999999999991 -0.150836271640085 -0.988969915526587 
6.13999999999991 -0.140945561920086 -0.990428824694388 
6.14999999999991 -0.131054852200086 -0.991788826764989 
6.15999999999991 -0.121164142480086 -0.993049921738389 
6.16999999999991 -0.111273432760086 -0.99421210961459 
6.17999999999991 -0.101382723040086 -0.995275390393591 
6.18999999999991 -0.0914920133200866 -0.996239764075392 
6.19999999999991 -0.0816013036000868 -0.997105230659993 
6.20999999999991 -0.071710593880087 -0.997871790147394 
6.21999999999991 -0.0618198841600872 -0.998539442537595 
6.22999999999991 -0.0519291744400874 -0.999108187830595 
6.23999999999991 -0.0420384647200876 -0.999578026026396 
6.24999999999991 -0.0321477550000878 -0.999948957124997 
6.25999999999991 -0.022257045280088 -1.0002209811264 
6.26999999999991 -0.0123663355600883 -1.0003940980306 
6.27999999999991 -0.00247562584008848 -1.0004683078376 
6.28999999999991 0.0074150838799113 -1.0004436105474 
6.29999999999991 0.0173057935999111 -1.00032000616 
6.30999999999991 0.0271965033199109 -1.0000974946754 
6.31999999999991 0.0370872130399107 -0.999776076093603 
6.32999999999991 0.0469779227599105 -0.999355750414604 
6.33999999999991 0.0568686324799103 -0.998836517638405 
6.34999999999991 0.06675934219991 -0.998218377765006 
6.35999999999991 0.0766500519199098 -0.997501330794407 
6.36999999999991 0.0865407616399096 -0.996685376726608 
6.37999999999991 0.0964314713599094 -0.995770515561609 
6.38999999999991 0.106322181079909 -0.99475674729941 
6.39999999999991 0.116212890799909 -0.993644071940011 
6.40999999999991 0.126103600519909 -0.992432489483412 
6.41999999999991 0.135994310239909 -0.991121999929613 
6.42999999999991 0.145885019959908 -0.989712603278613 
6.43999999999991 0.155775729679908 -0.988204299530414 
6.44999999999991 0.165666439399908 -0.986597088685015 
6.45999999999991 0.175557149119908 -0.984890970742416 
6.46999999999991 0.185447858839907 -0.983085945702617 
6.47999999999991 0.195338568559907 -0.981182013565618 
6.48999999999991 0.205229278279907 -0.979179174331419 
6.49999999999991 0.215119987999907 -0.97707742800002 
