-3 -0.999977878183746
-2.95 -0.999969767795581
-2.9 -0.999958875790418
-2.85 -0.999944320895932
-2.8 -0.999924968144832
-2.75 -0.999899364192553
-2.7 -0.999865658691838
-2.65 -0.999821509444684
-2.6 -0.999764292944238
-2.55 -0.999689466652963
-2.5 -0.999593012962763
-2.45 -0.999469442015392
-2.4 -0.999311514156361
-2.35 -0.999110766495426
-2.3 -0.998856861799736
-2.25 -0.998537325937439
-2.2 -0.998137199496374
-2.15 -0.997638655159625
-2.1 -0.997020220689681
-2.05 -0.996257841930574
-2 -0.995322065658113
-1.95 -0.994179184211432
-1.9 -0.992790324362476
-1.85 -0.991110963797673
-1.8 -0.989090467935015
-1.75 -0.986671664087289
-1.7 -0.983790472303552
-1.65 -0.980375614280177
-1.6 -0.976348423387071
-1.55 -0.9716227799525
-1.5 -0.966105196337889
-1.45 -0.959695075864094
-1.4 -0.95228508106202
-1.35 -0.943762166981409
-1.3 -0.934001616063085
-1.25 -0.922900111526324
-1.2 -0.910313965259381
-1.15 -0.896123832612111
-1.1 -0.880205061091026
-1.05 -0.862436098894313
-1 -0.842700786678432
-0.950000000000003 -0.820890801704336
-0.900000000000003 -0.796908207431423
-0.850000000000003 -0.770668053132111
-0.800000000000002 -0.742100497389827
-0.750000000000002 -0.711155227451779
-0.700000000000002 -0.677800843818205
-0.650000000000002 -0.642029029856371
-0.600000000000002 -0.60385584261052
-0.550000000000002 -0.563323163941139
-0.500000000000002 -0.520499936920216
-0.450000000000002 -0.475481716448066
-0.400000000000002 -0.428392318557625
-0.350000000000002 -0.379382006151254
-0.300000000000002 -0.328626715663177
-0.250000000000002 -0.276326357379291
-0.200000000000002 -0.222702569079605
-0.150000000000002 -0.167995961776895
-0.100000000000002 -0.112462912903959
-0.0500000000000023 -0.0563718711542761
-2.28983498828939E-15 -2.58380209687214E-15
0.0499999999999977 0.0563718711542709
0.0999999999999977 0.112462912903954
0.149999999999998 0.16799596177689
0.199999999999998 0.2227025690796
0.249999999999998 0.276326357379286
0.299999999999998 0.328626715663172
0.349999999999998 0.37938200615125
0.399999999999998 0.428392318557621
0.449999999999998 0.475481716448062
0.499999999999998 0.520499936920212
0.549999999999998 0.563323163941135
0.599999999999998 0.603855842610517
0.649999999999998 0.642029029856368
0.699999999999998 0.677800843818202
0.749999999999998 0.711155227451776
0.799999999999998 0.742100497389825
0.849999999999998 0.770668053132108
0.899999999999998 0.796908207431421
0.949999999999998 0.820890801704334
0.999999999999998 0.84270078667843
1.05 0.862436098894311
1.1 0.880205061091025
1.15 0.89612383261211
1.2 0.910313965259379
1.25 0.922900111526323
1.3 0.934001616063084
1.35 0.943762166981409
1.4 0.952285081062019
1.45 0.959695075864093
1.5 0.966105196337888
1.55 0.971622779952499
1.6 0.976348423387071
1.65 0.980375614280177
1.7 0.983790472303552
1.75 0.986671664087289
1.8 0.989090467935014
1.85 0.991110963797673
1.9 0.992790324362476
1.95 0.994179184211432
2 0.995322065658113
2.05 0.996257841930574
2.1 0.997020220689681
2.15 0.997638655159625
2.2 0.998137199496374
2.25 0.998537325937439
2.3 0.998856861799736
2.35 0.999110766495426
2.4 0.999311514156361
2.45 0.999469442015393
2.5 0.999593012962763
2.55 0.999689466652963
2.6 0.999764292944238
2.65 0.999821509444684
2.7 0.999865658691838
2.75 0.999899364192553
2.8 0.999924968144833
2.85 0.999944320895933
2.9 0.999958875790418
2.95 0.999969767795581
3 0.999977878183746
