-2 0.135335283236613 0.135335283236613
-1.99 0.136695425445524 0.136695425445524
-1.98 0.138069237310893 0.138069237310893
-1.97 0.139456856215051 0.139456856215051
-1.96 0.140858420921045 0.140858420921045
-1.95 0.142274071586514 0.142274071586514
-1.94 0.143703949777703 0.143703949777703
-1.93 0.145148198483624 0.145148198483624
-1.92 0.14660696213035 0.14660696213035
-1.91 0.148080386595463 0.148080386595462
-1.9 0.149568619222635 0.149568619222635
-1.89 0.151071808836371 0.151071808836371
-1.88 0.152590105756884 0.152590105756884
-1.87 0.154123661815132 0.154123661815131
-1.86 0.155672630367997 0.155672630367997
-1.85 0.157237166313628 0.157237166313628
-1.84 0.158817426106921 0.158817426106921
-1.83 0.160413567775173 0.160413567775173
-1.82 0.162025750933881 0.162025750933881
-1.81 0.163654136802704 0.163654136802704
-1.8 0.165298888221587 0.165298888221587
-1.79 0.166960169667041 0.166960169667041
-1.78 0.168638147268595 0.168638147268596
-1.77 0.17033298882541 0.170332988825409
-1.76 0.172044863823051 0.172044863823051
-1.75 0.173773943450445 0.173773943450445
-1.74 0.175520400616997 0.175520400616997
-1.73 0.177284409969878 0.177284409969878
-1.72 0.179066147911493 0.179066147911493
-1.71 0.180865792617122 0.180865792617122
-1.7 0.182683524052735 0.182683524052735
-1.69 0.18451952399299 0.184519523992989
-1.68 0.18637397603941 0.18637397603941
-1.67 0.188247065638746 0.188247065638747
-1.66 0.19013898010152 0.190138980101521
-1.65 0.192049908620754 0.192049908620754
-1.64 0.193980042290892 0.193980042290892
-1.63 0.195929574126909 0.195929574126909
-1.62 0.197898699083614 0.197898699083615
-1.61 0.199887614075145 0.199887614075145
-1.6 0.201896517994655 0.201896517994655
-1.59 0.203925611734214 0.203925611734214
-1.58 0.205975098204883 0.205975098204884
-1.57 0.208045182357021 0.208045182357021
-1.56 0.210136071200765 0.210136071200765
-1.55 0.212247973826743 0.212247973826743
-1.54 0.214381101426978 0.214381101426978
-1.53 0.216535667316008 0.216535667316007
-1.52 0.218711886952215 0.218711886952215
-1.51 0.220909977959378 0.220909977959378
-1.5 0.22313016014843 0.22313016014843
-1.49 0.225372655539439 0.225372655539439
-1.48 0.227637688383813 0.227637688383813
-1.47 0.229925485186724 0.229925485186724
-1.46 0.232236274729759 0.232236274729759
-1.45 0.234570288093798 0.234570288093798
-1.44 0.236927758682121 0.236927758682122
-1.43 0.239308922243755 0.239308922243755
-1.42 0.241714016897036 0.241714016897037
-1.41 0.244143283153438 0.244143283153437
-1.4 0.246596963941606 0.246596963941607
-1.39 0.249075304631669 0.249075304631668
-1.38 0.251578553059756 0.251578553059757
-1.37 0.2541069595528 0.2541069595528
-1.36 0.256660776953556 0.256660776953556
-1.35 0.259240260645892 0.259240260645892
-1.34 0.261845668580326 0.261845668580326
-1.33 0.264477261299824 0.264477261299824
-1.32 0.26713530196585 0.267135301965851
-1.31 0.269820056384687 0.269820056384687
-1.3 0.272531793034012 0.272531793034013
-1.29 0.275270783089753 0.275270783089753
-1.28 0.278037300453195 0.278037300453194
-1.27 0.28083162177838 0.28083162177838
-1.26 0.283654026499771 0.283654026499771
-1.25 0.28650479686019 0.28650479686019
-1.24 0.28938421793905 0.289384217939051
-1.23 0.29229257768086 0.29229257768086
-1.22 0.295230166924014 0.295230166924014
-1.21 0.298197279429888 0.298197279429888
-1.2 0.301194211912202 0.301194211912202
-1.19 0.304221264066704 0.304221264066704
-1.18 0.307278738601132 0.307278738601131
-1.17 0.310366941265485 0.310366941265485
-1.16 0.313486180882605 0.313486180882606
-1.15 0.316636769379054 0.316636769379053
-1.14 0.319819021816304 0.319819021816304
-1.13 0.323033256422253 0.323033256422253
-1.12 0.326279794623039 0.32627979462304
-1.11 0.329558961075189 0.329558961075189
-1.1 0.332871083698081 0.33287108369808
-1.09 0.336216493706734 0.336216493706734
-1.08 0.33959552564494 0.339595525644939
-1.07 0.343008517418707 0.343008517418707
-1.06 0.346455810330057 0.346455810330058
-1.05 0.349937749111155 0.349937749111156
-1.04 0.35345468195878 0.35345468195878
-1.03 0.357006960569148 0.357006960569148
-1.02 0.360594940173079 0.360594940173079
-1.01 0.364218979571523 0.364218979571524
-0.999999999999999 0.367879441171443 0.367879441171443
-0.989999999999999 0.371576691022046 0.371576691022046
-0.979999999999999 0.3753110988514 0.3753110988514
-0.969999999999999 0.379083038103399 0.379083038103399
-0.959999999999999 0.382892885975113 0.382892885975112
-0.949999999999999 0.386741023454502 0.386741023454502
-0.939999999999999 0.390627835358521 0.390627835358521
-0.929999999999999 0.394553710371602 0.394553710371602
-0.919999999999999 0.398519041084515 0.398519041084515
-0.909999999999999 0.402524224033636 0.402524224033636
-0.899999999999999 0.406569659740599 0.406569659740599
-0.889999999999999 0.410655752752346 0.410655752752346
-0.879999999999999 0.414782911681582 0.414782911681582
-0.869999999999999 0.418951549247639 0.418951549247639
-0.859999999999999 0.423162082317749 0.423162082317749
-0.849999999999999 0.427414931948728 0.427414931948727
-0.839999999999999 0.43171052342908 0.43171052342908
-0.829999999999999 0.436049286321536 0.436049286321536
-0.819999999999999 0.440431654506 0.440431654506
-0.809999999999999 0.444858066222942 0.444858066222942
-0.799999999999999 0.449328964117222 0.449328964117222
-0.789999999999999 0.453844795282356 0.453844795282356
-0.779999999999999 0.458406011305224 0.458406011305224
-0.769999999999999 0.463013068311229 0.463013068311229
-0.759999999999999 0.46766642700991 0.46766642700991
-0.749999999999999 0.472366552741015 0.472366552741015
-0.739999999999999 0.477113915521035 0.477113915521035
-0.729999999999999 0.481908990090203 0.481908990090203
-0.719999999999999 0.486752255959972 0.486752255959972
-0.709999999999999 0.491644197460966 0.491644197460966
-0.699999999999999 0.49658530379141 0.49658530379141
-0.689999999999999 0.501576069066056 0.501576069066056
-0.679999999999999 0.50661699236559 0.50661699236559
-0.669999999999999 0.511708577786543 0.511708577786543
-0.659999999999999 0.5168513344917 0.5168513344917
-0.649999999999999 0.522045776761017 0.522045776761017
-0.639999999999999 0.527292424043049 0.527292424043049
-0.629999999999999 0.532591801006898 0.532591801006898
-0.619999999999999 0.537944437594675 0.537944437594675
-0.609999999999999 0.543350869074501 0.5433508690745
-0.599999999999999 0.548811636094027 0.548811636094027
-0.589999999999999 0.554327284734508 0.554327284734508
-0.579999999999999 0.559898366565403 0.559898366565403
-0.569999999999999 0.565525438699538 0.565525438699538
-0.559999999999999 0.571209063848816 0.571209063848816
-0.549999999999999 0.576949810380488 0.576949810380487
-0.539999999999999 0.582748252373991 0.58274825237399
-0.529999999999999 0.588604969678356 0.588604969678356
-0.519999999999999 0.594520547970195 0.594520547970195
-0.509999999999999 0.600495578812267 0.600495578812267
-0.499999999999999 0.606530659712634 0.606530659712634
-0.489999999999999 0.612626394184417 0.612626394184417
-0.479999999999999 0.618783391806142 0.618783391806142
-0.469999999999999 0.625002268282701 0.625002268282702
-0.459999999999999 0.631283645506927 0.631283645506927
-0.449999999999999 0.637628151621774 0.637628151621774
-0.439999999999999 0.644036421083142 0.644036421083142
-0.429999999999999 0.650509094723318 0.650509094723317
-0.419999999999999 0.657046819815058 0.657046819815058
-0.409999999999999 0.663650250136321 0.66365025013632
-0.399999999999999 0.67032004603564 0.67032004603564
-0.389999999999999 0.677056874498166 0.677056874498166
-0.379999999999999 0.683861409212357 0.683861409212357
-0.369999999999999 0.690734330637356 0.690734330637356
-0.359999999999999 0.697676326071032 0.697676326071032
-0.349999999999999 0.704688089718714 0.704688089718714
-0.339999999999999 0.711770322762611 0.711770322762611
-0.329999999999999 0.718923733431927 0.718923733431927
-0.319999999999999 0.726149037073692 0.726149037073692
-0.309999999999998 0.73344695622429 0.73344695622429
-0.299999999999998 0.740818220681719 0.740818220681719
-0.289999999999998 0.748263567578566 0.748263567578566
-0.279999999999998 0.755783741455727 0.755783741455727
-0.269999999999998 0.763379494336854 0.763379494336854
-0.259999999999998 0.771051585803568 0.771051585803567
-0.249999999999998 0.778800783071406 0.778800783071406
-0.239999999999998 0.786627861066555 0.786627861066555
-0.229999999999998 0.794533602503335 0.794533602503335
-0.219999999999998 0.80251879796248 0.80251879796248
-0.209999999999998 0.810584245970188 0.810584245970188
-0.199999999999998 0.818730753077983 0.818730753077983
-0.189999999999998 0.826959133943364 0.826959133943364
-0.179999999999998 0.835270211411273 0.835270211411273
-0.169999999999998 0.843664816596385 0.843664816596385
-0.159999999999998 0.852143788966213 0.852143788966213
-0.149999999999998 0.860707976425059 0.860707976425059
-0.139999999999998 0.869358235398807 0.869358235398807
-0.129999999999998 0.878095430920563 0.878095430920563
-0.119999999999998 0.886920436717159 0.886920436717159
-0.109999999999998 0.89583413529653 0.89583413529653
-0.0999999999999984 0.904837418035961 0.904837418035961
-0.0899999999999984 0.91393118527123 0.91393118527123
-0.0799999999999984 0.923116346386637 0.923116346386637
-0.0699999999999984 0.93239381990595 0.93239381990595
-0.0599999999999984 0.94176453358425 0.94176453358425
-0.0499999999999984 0.951229424500716 0.951229424500716
-0.0399999999999984 0.960789439152325 0.960789439152325
-0.0299999999999984 0.97044553354851 0.97044553354851
-0.0199999999999984 0.980198673306757 0.980198673306757
-0.00999999999999836 0.99004983374917 0.99004983374917
1.64104840827406E-15 1 1
0.0100000000000016 1.01005016708417 1.01005016708417
0.0200000000000016 1.02020134002676 1.02020134002676
0.0300000000000016 1.03045453395352 1.03045453395352
0.0400000000000016 1.04081077419239 1.04081077419239
0.0500000000000016 1.05127109637603 1.05127109637603
0.0600000000000016 1.06183654654536 1.06183654654536
0.0700000000000016 1.07250818125422 1.07250818125422
0.0800000000000016 1.08328706767496 1.08328706767496
0.0900000000000016 1.09417428370521 1.09417428370521
0.100000000000002 1.10517091807565 1.10517091807565
0.110000000000002 1.11627807045887 1.11627807045887
0.120000000000002 1.12749685157938 1.12749685157938
0.130000000000002 1.13882838332462 1.13882838332462
0.140000000000002 1.15027379885723 1.15027379885723
0.150000000000002 1.16183424272829 1.16183424272829
0.160000000000002 1.17351087099181 1.17351087099181
0.170000000000002 1.18530485132037 1.18530485132037
0.180000000000002 1.19721736312181 1.19721736312181
0.190000000000002 1.20924959765725 1.20924959765725
0.200000000000002 1.22140275816017 1.22140275816017
0.210000000000002 1.23367805995675 1.23367805995675
0.220000000000002 1.24607673058738 1.24607673058738
0.230000000000002 1.25860000992948 1.25860000992948
0.240000000000002 1.27124915032141 1.27124915032141
0.250000000000002 1.28402541668774 1.28402541668774
0.260000000000002 1.29693008666577 1.29693008666577
0.270000000000002 1.30996445073325 1.30996445073325
0.280000000000002 1.32312981233744 1.32312981233744
0.290000000000002 1.33642748802547 1.33642748802547
0.300000000000002 1.349858807576 1.34985880757601
0.310000000000002 1.36342511413218 1.36342511413218
0.320000000000002 1.37712776433596 1.37712776433596
0.330000000000002 1.39096812846378 1.39096812846378
0.340000000000002 1.4049475905636 1.4049475905636
0.350000000000002 1.41906754859326 1.41906754859326
0.360000000000002 1.43332941456034 1.43332941456034
0.370000000000002 1.44773461466333 1.44773461466333
0.380000000000002 1.46228458943423 1.46228458943423
0.390000000000002 1.47698079388265 1.47698079388265
0.400000000000002 1.49182469764127 1.49182469764127
0.410000000000002 1.50681778511286 1.50681778511286
0.420000000000002 1.52196155561864 1.52196155561864
0.430000000000002 1.53725752354828 1.53725752354828
0.440000000000002 1.55270721851134 1.55270721851134
0.450000000000002 1.56831218549017 1.56831218549017
0.460000000000002 1.58407398499448 1.58407398499448
0.470000000000002 1.59999419321736 1.59999419321736
0.480000000000002 1.6160744021929 1.6160744021929
0.490000000000002 1.63231621995538 1.63231621995538
0.500000000000002 1.64872127070013 1.64872127070013
0.510000000000002 1.66529119494589 1.66529119494589
0.520000000000002 1.68202764969889 1.68202764969889
0.530000000000002 1.69893230861855 1.69893230861855
0.540000000000002 1.71600686218486 1.71600686218486
0.550000000000002 1.7332530178674 1.7332530178674
0.560000000000002 1.7506725002961 1.7506725002961
0.570000000000002 1.76826705143374 1.76826705143374
0.580000000000002 1.78603843075008 1.78603843075008
0.590000000000002 1.80398841539786 1.80398841539786
0.600000000000002 1.82211880039051 1.82211880039051
0.610000000000002 1.84043139878164 1.84043139878164
0.620000000000002 1.85892804184635 1.85892804184635
0.630000000000002 1.87761057926435 1.87761057926435
0.640000000000002 1.89648087930496 1.89648087930496
0.650000000000002 1.9155408290139 1.9155408290139
0.660000000000002 1.93479233440203 1.93479233440204
0.670000000000002 1.95423732063594 1.95423732063594
0.680000000000002 1.97387773223045 1.97387773223045
0.690000000000002 1.99371553324309 1.99371553324309
0.700000000000002 2.01375270747048 2.01375270747048
0.710000000000002 2.03399125864675 2.03399125864676
0.720000000000002 2.05443321064389 2.05443321064389
0.730000000000002 2.07508060767413 2.07508060767413
0.740000000000002 2.09593551449437 2.09593551449437
0.750000000000002 2.11700001661268 2.11700001661268
0.760000000000002 2.13827622049682 2.13827622049682
0.770000000000002 2.15976625378492 2.15976625378492
0.780000000000002 2.18147226549821 2.18147226549821
0.790000000000002 2.20339642625594 2.20339642625594
0.800000000000002 2.22554092849247 2.22554092849247
0.810000000000002 2.24790798667648 2.24790798667648
0.820000000000002 2.27049983753241 2.27049983753241
0.830000000000002 2.29331874026419 2.29331874026419
0.840000000000002 2.3163669767811 2.3163669767811
0.850000000000002 2.339646851926 2.339646851926
0.860000000000002 2.3631606937058 2.3631606937058
0.870000000000002 2.38691085352428 2.38691085352428
0.880000000000002 2.41089970641721 2.41089970641722
0.890000000000002 2.43512965128988 2.43512965128988
0.900000000000002 2.45960311115696 2.45960311115696
0.910000000000002 2.48432253338482 2.48432253338482
0.920000000000002 2.5092903899363 2.5092903899363
0.930000000000002 2.53450917761786 2.53450917761786
0.940000000000002 2.55998141832928 2.55998141832928
0.950000000000002 2.58570965931585 2.58570965931585
0.960000000000002 2.61169647342312 2.61169647342312
0.970000000000002 2.63794445935416 2.63794445935416
0.980000000000002 2.66445624192942 2.66445624192942
0.990000000000002 2.69123447234927 2.69123447234927
1 2.71828182845905 2.71828182845905
1.01 2.74560101501693 2.74560101501692
1.02 2.77319476396431 2.7731947639643
1.03 2.80106583469908 2.80106583469909
1.04 2.82921701435157 2.82921701435157
1.05 2.85765111806317 2.85765111806317
1.06 2.88637098926797 2.88637098926796
1.07 2.915379499977 2.915379499977
1.08 2.94467955106553 2.94467955106553
1.09 2.97427407256307 2.97427407256307
1.1 3.00416602394643 3.00416602394644
1.11 3.03435839443568 3.03435839443568
1.12 3.064854203293 3.06485420329301
1.13 3.09565650012471 3.09565650012472
1.14 3.12676836518617 3.12676836518616
1.15 3.15819290968977 3.15819290968978
1.16 3.1899332761162 3.18993327611619
1.17 3.2219926385285 3.22199263852851
1.18 3.25437420288968 3.25437420288968
1.19 3.28708120738313 3.28708120738313
1.2 3.32011692273656 3.32011692273656
1.21 3.35348465254903 3.35348465254903
1.22 3.38718773362134 3.38718773362134
1.23 3.42122953628968 3.42122953628968
1.24 3.45561346476269 3.45561346476268
1.25 3.49034295746185 3.49034295746185
1.26 3.52542148736538 3.52542148736539
1.27 3.56085256235553 3.56085256235553
1.28 3.59663972556929 3.59663972556929
1.29 3.63278655575282 3.63278655575282
1.3 3.66929666761926 3.66929666761925
1.31 3.7061737122102 3.70617371221021
1.32 3.74342137726087 3.74342137726087
1.33 3.78104338756879 3.78104338756879
1.34 3.81904350536635 3.81904350536635
1.35 3.85742553069698 3.85742553069698
1.36 3.89619330179523 3.89619330179522
1.37 3.93535069547048 3.93535069547048
1.38 3.97490162749476 3.97490162749476
1.39 4.01485005299421 4.01485005299421
1.4 4.05519996684468 4.05519996684469
1.41 4.09595540407118 4.09595540407119
1.42 4.13712044025141 4.1371204402514
1.43 4.17869919192325 4.17869919192326
1.44 4.22069581699657 4.22069581699656
1.45 4.26311451516883 4.26311451516883
1.46 4.30595952834522 4.30595952834522
1.47 4.34923514106276 4.34923514106275
1.48 4.39294568091877 4.39294568091877
1.49 4.43709551900368 4.43709551900368
1.5 4.48168907033807 4.48168907033808
1.51 4.52673079431427 4.52673079431426
1.52 4.57222519514217 4.57222519514217
1.53 4.6181768222998 4.61817682229979
1.54 4.66459027098814 4.66459027098814
1.55 4.71147018259075 4.71147018259075
1.56 4.75882124513787 4.75882124513787
1.57 4.80664819377519 4.80664819377519
1.58 4.85495581123745 4.85495581123745
1.59 4.90374892832664 4.90374892832664
1.6 4.95303242439512 4.95303242439513
1.61 5.0028112278336 5.0028112278336
1.62 5.05309031656389 5.05309031656388
1.63 5.10387471853674 5.10387471853674
1.64 5.1551695122347 5.1551695122347
1.65 5.20697982717987 5.20697982717986
1.66 5.25931084444692 5.25931084444691
1.67 5.31216779718118 5.31216779718118
1.68 5.36555597112199 5.36555597112199
1.69 5.41948070513122 5.41948070513122
1.7 5.47394739172722 5.47394739172722
1.71 5.52896147762402 5.52896147762402
1.72 5.58452846427607 5.58452846427607
1.73 5.64065390842834 5.64065390842834
1.74 5.69734342267201 5.69734342267201
1.75 5.75460267600574 5.75460267600575
1.76 5.8124373944026 5.81243739440261
1.77 5.87085336138262 5.87085336138262
1.78 5.92985641859117 5.92985641859116
1.79 5.98945246638313 5.98945246638313
1.8 6.04964746441296 6.04964746441296
1.81 6.11044743223062 6.11044743223063
1.82 6.17185844988357 6.17185844988357
1.83 6.23388665852475 6.23388665852474
1.84 6.29653826102668 6.29653826102668
1.85 6.35981952260185 6.35981952260185
1.86 6.42373677142916 6.42373677142915
1.87 6.48829639928673 6.48829639928673
1.88 6.55350486219116 6.55350486219117
1.89 6.6193686810431 6.6193686810431
1.9 6.68589444227929 6.68589444227929
1.91 6.75308879853129 6.75308879853131
1.92 6.82095846929078 6.82095846929077
1.93 6.8895102415813 6.88951024158131
1.94 6.9587509706373 6.95875097063729
1.95 7.02868758058931 7.02868758058931
1.96 7.09932706515665 7.09932706515665
1.97 7.17067648834662 7.17067648834664
1.98 7.24274298516103 7.24274298516103
1.99 7.31553376230959 7.31553376230959
