1	-1.03601776213838	-0.452613784195795
1.1	-1.02941243320985	-0.452129590243922
1.2	-1.02281041194319	-0.451593158310972
1.3	-1.01621141548931	-0.451004488396947
1.4	-1.00961516099918	-0.450363580501844
1.5	-1.00302136562372	-0.449670434625666
1.6	-0.996429746513865	-0.448925050768411
1.7	-0.989840020820564	-0.448127428930079
1.8	-0.983251905694753	-0.447277569110671
1.9	-0.976665118287369	-0.446375471310187
2	-0.970079375749352	-0.445421135528626
2.1	-0.96349439523164	-0.444414561765989
2.2	-0.956909893885172	-0.443355750022275
2.3	-0.950325588860886	-0.442244700297485
2.4	-0.943741197309721	-0.441081412591618
2.5	-0.937156436382615	-0.439865886904675
2.6	-0.930571023230508	-0.438598123236656
2.7	-0.923984675004338	-0.43727812158756
2.8	-0.917397108855042	-0.435905881957388
2.9	-0.910808041933561	-0.434481404346139
3	-0.904217191390833	-0.433004688753814
3.1	-0.897624274377796	-0.431475735180413
3.2	-0.891029008045389	-0.429894543625935
3.3	-0.884431109544551	-0.42826111409038
3.4	-0.87783029602622	-0.42657544657375
3.5	-0.871226284641334	-0.424837541076042
3.6	-0.864618792540833	-0.423047397597259
3.7	-0.858007536875656	-0.421205016137399
3.8	-0.85139223479674	-0.419310396696462
3.9	-0.844772603455024	-0.417363539274449
4	-0.838148360001447	-0.41536444387136
4.1	-0.831519221586948	-0.413313110487194
4.2	-0.824884905362465	-0.411209539121952
4.3	-0.818245128478938	-0.409053729775633
4.4	-0.811599608087303	-0.406845682448238
4.5	-0.804948061338501	-0.404585397139766
4.6	-0.798290205383469	-0.402272873850218
4.7	-0.791625757373147	-0.399908112579594
4.8	-0.784954434458473	-0.397491113327893
4.9	-0.778275953790385	-0.395021876095116
5	-0.771590032519823	-0.392500400881262
5.1	-0.764896387797725	-0.389926687686332
5.2	-0.758194736775029	-0.387300736510325
5.3	-0.751484796602674	-0.384622547353242
5.4	-0.744766284431599	-0.381892120215083
5.5	-0.738038917412743	-0.379109455095847
5.6	-0.731302412697043	-0.376274551995535
5.7	-0.724556487435439	-0.373387410914146
5.8	-0.71780085877887	-0.370448031851681
5.9	-0.711035243878273	-0.36745641480814
6	-0.704259359884588	-0.364412559783522
6.1	-0.697472923948753	-0.361316466777827
6.19999999999999	-0.690675653221707	-0.358168135791056
6.29999999999999	-0.683867264854388	-0.354967566823209
6.39999999999999	-0.677047475997736	-0.351714759874285
6.49999999999999	-0.670216003802688	-0.348409714944285
6.59999999999999	-0.663372565420183	-0.345052432033209
6.69999999999999	-0.65651687800116	-0.341642911141056
6.79999999999999	-0.649648658696558	-0.338181152267826
6.89999999999999	-0.642767624657315	-0.33466715541352
6.99999999999999	-0.63587349303437	-0.331100920578138
7.09999999999999	-0.628965980978662	-0.327482447761679
7.19999999999999	-0.622044805641128	-0.323811736964144
7.29999999999999	-0.615109684172708	-0.320088788185533
7.39999999999999	-0.608160333724341	-0.316313601425845
7.49999999999999	-0.601196471446964	-0.31248617668508
7.59999999999999	-0.594217814491517	-0.308606513963239
7.69999999999999	-0.587224080008939	-0.304674613260322
7.79999999999999	-0.580214985150167	-0.300690474576328
7.89999999999999	-0.57319024706614	-0.296654097911258
7.99999999999999	-0.566149582907798	-0.292565483265112
8.09999999999999	-0.559092709826079	-0.288424630637889
8.19999999999999	-0.55201934497192	-0.284231540029589
8.29999999999999	-0.544929205496262	-0.279986211440213
8.39999999999999	-0.537822008550043	-0.275688644869761
8.49999999999999	-0.5306974712842	-0.271338840318232
8.59999999999999	-0.523555310849674	-0.266936797785627
8.69999999999999	-0.516395244397402	-0.262482517271946
8.79999999999999	-0.509216989078323	-0.257975998777188
8.89999999999999	-0.502020262043376	-0.253417242301353
8.99999999999999	-0.494804780443499	-0.248806247844442
9.09999999999999	-0.487570261429632	-0.244143015406455
9.19999999999999	-0.480316422152712	-0.239427544987391
9.29999999999998	-0.473042979763678	-0.234659836587251
9.39999999999998	-0.465749651413469	-0.229839890206034
9.49999999999998	-0.458436154253024	-0.224967705843741
9.59999999999998	-0.451102205433281	-0.220043283500372
9.69999999999998	-0.443747522105178	-0.215066623175926
9.79999999999998	-0.436371821419656	-0.210037724870404
9.89999999999998	-0.428974820527651	-0.204956588583805
9.99999999999998	-0.421556236580102	-0.19982321431613
10.1	-0.41411578672795	-0.194637602067378
10.2	-0.406653188122131	-0.18939975183755
10.3	-0.399168157913584	-0.184109663626646
10.4	-0.391660413253249	-0.178767337434665
10.5	-0.384129671292063	-0.173372773261608
10.6	-0.376575649180966	-0.167925971107474
10.7	-0.368998064070896	-0.162426930972264
10.8	-0.361396633112792	-0.156875652855977
10.9	-0.353771073457592	-0.151272136758614
11	-0.346121102256235	-0.145616382680175
11.1	-0.33844643665966	-0.139908390620659
11.2	-0.330746793818805	-0.134148160580066
11.3	-0.323021890884608	-0.128335692558398
11.4	-0.315271445008009	-0.122470986555653
11.5	-0.307495173339947	-0.116554042571831
11.6	-0.299692793031359	-0.110584860606933
11.7	-0.291864021233184	-0.104563440660958
11.8	-0.284008575096361	-0.0984897827339074
11.9	-0.276126171771829	-0.0923638868257801
12	-0.268216528410526	-0.0861857529365764
12.1	-0.260279362163391	-0.0799553810662961
12.2	-0.252314390181362	-0.0736727712149396
12.3	-0.244321329615379	-0.0673379233825065
12.4	-0.236299897616379	-0.0609508375689971
12.5	-0.228249811335302	-0.0545115137744111
12.6	-0.220170787923085	-0.0480199519987489
12.7	-0.212062544530669	-0.0414761522420101
12.8	-0.20392479830899	-0.0348801145041948
12.9	-0.195757266408989	-0.0282318387853032
13	-0.187559665981603	-0.0215313250853352
13.1	-0.17933171417777	-0.0147785734042907
13.2	-0.171073128148431	-0.00797358374216972
13.3	-0.162783625044524	-0.00111635609897243
13.4	-0.154462922016986	0.00579310952530132
13.5	-0.146110736216757	0.0127548131306515
13.6	-0.137726784794775	0.0197687547170781
13.7	-0.129310784901979	0.0268349342845812
13.8	-0.120862453689308	0.0339533518331607
13.9	-0.112381508307699	0.0411240073628166
14	-0.103867665908093	0.048346900873549
14.1	-0.0953206436414271	0.0556220323653578
14.2	-0.0867401586586401	0.062949401838243
14.3	-0.0781259281106708	0.0703290092922046
14.4	-0.0694776691484578	0.0777608547272427
14.5	-0.0607950989229398	0.0852449381433572
14.6	-0.0520779345850553	0.0927812595405481
14.7	-0.043325893285743	0.100369818918815
14.8	-0.0345386921759417	0.108010616278159
14.9	-0.0257160484065897	0.115703651618579
15	-0.0168576791286257	0.123448924940076
15.1	-0.00796330149298857	0.131246436242649
15.2	0.000967367349383463	0.139096185526299
15.3	0.00993461024755132	0.146998172791025
15.4	0.0189387100505768	0.154952398036827
15.5	0.0279799496075209	0.162958861263706
15.6	0.0370586117674453	0.171017562471661
15.7	0.046174979379411	0.179128501660693
15.8	0.0553293352924797	0.187291678830801
15.9	0.0645219623557128	0.195507093981985
16	0.0737531434181714	0.203774747114246
16.1	0.0830231613289173	0.212094638227584
16.2	0.0923322989370115	0.220466767321997
16.3	0.101680839091515	0.228891134397488
16.4	0.111069064641491	0.237367739454055
16.5	0.120497258435998	0.245896582491698
16.6	0.1299657033241	0.254477663510418
16.7	0.139474682154857	0.263110982510214
16.8	0.14902447777733	0.271796539491086
16.9	0.158615373040581	0.280534334453035
17	0.168247650793672	0.289324367396061
17.1	0.177921593885664	0.298166638320162
17.2	0.187637485165617	0.307061147225341
17.3	0.197395607482594	0.316007894111596
17.4	0.207196243685656	0.325006878978927
17.5	0.217039676623864	0.334058101827334
17.6	0.22692618914628	0.343161562656818
17.7	0.236856064101965	0.352317261467379
17.8	0.24682958433998	0.361525198259015
17.9	0.256847032709386	0.370785373031729
18	0.266908692059246	0.380097785785518
18.1	0.277014845238621	0.389462436520385
18.2	0.287165775096571	0.398879325236327
18.3	0.297361764482158	0.408348451933346
18.4	0.307603096244444	0.417869816611442
18.5	0.31789005323249	0.427443419270613
18.6	0.328222918295357	0.437069259910862
18.7	0.338601974282107	0.446747338532187
18.8	0.349027504041801	0.456477655134588
18.9	0.3594997904235	0.466260209718065
19	0.370019116276267	0.476095002282619
19.1	0.380585764449161	0.48598203282825
19.2	0.391200017791245	0.495921301354957
19.3	0.40186215915158	0.50591280786274
19.4	0.412572471379227	0.5159565523516
19.5	0.423331237323248	0.526052534821536
19.6	0.434138739832703	0.536200755272549
19.7	0.444995261756656	0.546401213704637
19.8	0.455901085944166	0.556653910117803
19.9	0.466856495244295	0.566958844512045
20	0.477861772506104	0.577316016887363
20.1	0.488917200578656	0.587725427243758
20.2	0.500023062311011	0.598187075581229
20.3	0.51117964055223	0.608700961899777
20.4	0.522387218151376	0.619267086199401
20.5	0.533646077957508	0.629885448480102
20.6	0.54495650281969	0.640556048741878
20.7	0.556318775586982	0.651278886984732
20.8	0.567733179108445	0.662053963208662
20.9	0.579199996233141	0.672881277413668
21	0.590719509810132	0.683760829599751
21.1	0.602292002688478	0.69469261976691
21.2	0.613917757717241	0.705676647915145
21.3	0.625597057745482	0.716712914044457
21.4	0.637330185622263	0.727801418154845
21.5	0.649117424196645	0.73894216024631
21.6	0.66095905631769	0.750135140318851
21.7	0.672855364834458	0.761380358372469
21.8	0.684806632596012	0.772677814407163
21.9	0.696813142451412	0.784027508422934
22	0.708875177249721	0.795429440419781
22.1	0.720993019839998	0.806883610397704
22.2	0.733166953071307	0.818390018356704
22.3000000000001	0.745397259792707	0.82994866429678
22.4000000000001	0.757684222853261	0.841559548217933
22.5000000000001	0.770028125102029	0.853222670120162
22.6000000000001	0.782429249388074	0.864938030003468
22.7000000000001	0.794887878560456	0.87670562786785
22.8000000000001	0.807404295468238	0.888525463713308
22.9000000000001	0.819978782960479	0.900397537539843
23.0000000000001	0.832611623886243	0.912321849347454
23.1000000000001	0.845303101094589	0.924298399136142
23.2000000000001	0.85805349743458	0.936327186905906
23.3000000000001	0.870863095755277	0.948408212656747
23.4000000000001	0.88373217890574	0.960541476388663
23.5000000000001	0.896661029735033	0.972726978101657
23.6000000000001	0.909649931092215	0.984964717795727
23.7000000000001	0.922699165826348	0.997254695470873
23.8000000000001	0.935809016786495	1.0095969111271
23.9000000000001	0.948979766821715	1.02199136476439
24.0000000000001	0.96221169878107	1.03443805638277
24.1000000000001	0.975505095513623	1.04693698598222
24.2000000000001	0.988860239868433	1.05948815356275
24.3000000000001	1.00227741469456	1.07209155912436
24.4000000000001	1.01575690284107	1.08474720266704
24.5000000000001	1.02929898715703	1.09745508419079
24.6000000000001	1.04290395049148	1.11021520369563
24.7000000000001	1.05657207569351	1.12302756118154
24.8000000000001	1.07030364561215	1.13589215664853
24.9000000000001	1.08409894309649	1.14880899009659
25.0000000000001	1.09795825099558	1.16177806152573
25.1000000000001	1.11188185215847	1.17479937093595
25.2000000000001	1.12587002943424	1.18787291832724
25.3000000000001	1.13992306567194	1.20099870369961
25.4000000000001	1.15404124372063	1.21417672705305
25.5000000000001	1.16822484642939	1.22740698838758
25.6000000000001	1.18247415664725	1.24068948770317
25.7000000000001	1.1967894572233	1.25402422499985
25.8000000000001	1.21117103100659	1.2674112002776
25.9000000000001	1.22561916084618	1.28085041353643
26.0000000000001	1.24013412959113	1.29434186477633
26.1000000000001	1.25471622009051	1.30788555399731
26.2000000000001	1.26936571519337	1.32148148119937
26.3000000000001	1.28408289774878	1.3351296463825
26.4000000000001	1.29886805060579	1.34883004954671
26.5000000000001	1.31372145661348	1.362582690692
26.6000000000001	1.3286433986209	1.37638756981836
26.7000000000001	1.34363415947711	1.3902446869258
26.8000000000001	1.35869402203117	1.40415404201432
26.9000000000001	1.37382326913215	1.41811563508391
27.0000000000001	1.38902218362911	1.43212946613458
27.1000000000001	1.4042910483711	1.44619553516632
27.2000000000001	1.41963014620719	1.46031384217915
27.3000000000001	1.43503975998644	1.47448438717304
27.4000000000001	1.45052017255792	1.48870717014802
27.5000000000001	1.46607166677068	1.50298219110407
27.6000000000001	1.48169452547378	1.5173094500412
27.7000000000001	1.49738903151629	1.5316889469594
27.8000000000001	1.51315546774727	1.54612068185868
27.9000000000001	1.52899411701578	1.56060465473904
28.0000000000001	1.54490526217087	1.57514086560047
28.1000000000001	1.56088918606162	1.58972931444298
28.2000000000001	1.57694617153708	1.60437000126656
28.3000000000001	1.59307650144632	1.61906292607123
28.4000000000001	1.60928045863839	1.63380808885696
28.5000000000001	1.62555832596236	1.64860548962378
28.6000000000001	1.64191038626729	1.66345512837167
28.7000000000001	1.65833692240223	1.67835700510064
28.8000000000001	1.67483821721626	1.69331111981068
28.9000000000001	1.69141455355843	1.7083174725018
29.0000000000001	1.70806621427781	1.723376063174
29.1000000000001	1.72479348222345	1.73848689182727
29.2000000000001	1.74159664024441	1.75364995846162
29.3000000000001	1.75847597118977	1.76886526307705
29.4000000000002	1.77543175790857	1.78413280567355
29.5000000000002	1.79246428324989	1.79945258625113
29.6000000000002	1.80957383006278	1.81482460480979
29.7000000000002	1.8267606811963	1.83024886134952
29.8000000000002	1.84402511949951	1.84572535587033
29.9000000000002	1.86136742782149	1.86125408837221
30.0000000000002	1.87878788901128	1.87683505885518
30.1000000000002	1.89628678591795	1.89246826731921
30.2000000000002	1.91386440139056	1.90815371376433
30.3000000000002	1.93152101827817	1.92389139819052
30.4000000000002	1.94925691942984	1.93968132059779
30.5000000000002	1.96707238769464	1.95552348098613
30.6000000000002	1.98496770592163	1.97141787935555
30.7000000000002	2.00294315695986	1.98736451570605
30.8000000000002	2.0209990236584	2.00336339003762
30.9000000000002	2.03913558886631	2.01941450235027
31.0000000000002	2.05735313543266	2.03551785264399
31.1000000000002	2.07565194620649	2.0516734409188
31.2000000000002	2.09403230403688	2.06788126717468
31.3000000000002	2.11249449177289	2.08414133141163
31.4000000000002	2.13103879226357	2.10045363362966
31.5000000000002	2.14966548835799	2.11681817382877
31.6000000000002	2.16837486290521	2.13323495200895
31.7000000000002	2.18716719875429	2.14970396817022
31.8000000000002	2.2060427787543	2.16622522231255
31.9000000000002	2.22500188575428	2.18279871443597
32.0000000000002	2.24404480260332	2.19942444454046
32.1000000000002	2.26317181215045	2.21610241262602
32.2000000000002	2.28238319724476	2.23283261869266
32.3000000000002	2.3016792407353	2.24961506274038
32.4000000000002	2.32106022547113	2.26644974476918
32.5000000000002	2.3405264343013	2.28333666477905
32.6000000000002	2.3600781500749	2.30027582277
32.7000000000002	2.37971565564096	2.31726721874203
32.8000000000002	2.39943923384857	2.33431085269513
32.9000000000002	2.41924916754677	2.35140672462931
33.0000000000002	2.43914573958463	2.36855483454456
33.1000000000002	2.45912923281121	2.38575518244089
33.2000000000002	2.47919993007557	2.4030077683183
33.3000000000002	2.49935811422677	2.42031259217678
33.4000000000002	2.51960406811388	2.43766965401634
33.5000000000002	2.53993807458596	2.45507895383698
33.6000000000002	2.56036041649206	2.47254049163869
33.7000000000002	2.58087137668125	2.49005426742148
33.8000000000002	2.60147123800259	2.50762028118535
33.9000000000002	2.62216028330514	2.52523853293029
34.0000000000002	2.64293879543796	2.54290902265631
34.1000000000002	2.66380705725012	2.5606317503634
34.2000000000002	2.68476535159068	2.57840671605158
34.3000000000002	2.70581396130869	2.59623391972082
34.4000000000002	2.72695316925321	2.61411336137115
34.5000000000002	2.74818325827332	2.63204504100255
34.6000000000002	2.76950451121807	2.65002895861503
34.7000000000002	2.79091721093652	2.66806511420858
34.8000000000002	2.81242164027773	2.68615350778321
34.9000000000002	2.83401808209077	2.70429413933892
35.0000000000002	2.8557068192247	2.7224870088757
35.1000000000002	2.87748813452857	2.74073211639356
35.2000000000002	2.89936231085145	2.75902946189249
35.3000000000002	2.92132963104241	2.77737904537251
35.4000000000002	2.94339037795049	2.7957808668336
35.5000000000002	2.96554483442477	2.81423492627576
35.6000000000002	2.9877932833143	2.832741223699
35.7000000000002	3.01013600746815	2.85129975910332
35.8000000000002	3.03257328973537	2.86991053248872
35.9000000000002	3.05510541296504	2.88857354385519
36.0000000000002	3.0777326600062	2.90728879320273
36.1000000000002	3.10045531370793	2.92605628053136
36.2000000000002	3.12327365691927	2.94487600584106
36.3000000000002	3.14618797248931	2.96374796913183
36.4000000000002	3.16919854326708	2.98267217040369
36.5000000000002	3.19230565210167	3.00164860965662
36.6000000000003	3.21550958184212	3.02067728689062
36.7000000000003	3.2388106153375	3.03975820210571
36.8000000000003	3.26220903543688	3.05889135530186
36.9000000000003	3.2857051249893	3.0780767464791
37.0000000000003	3.30929916684384	3.09731437563741
37.1000000000003	3.33299144384956	3.1166042427768
37.2000000000003	3.35678223885551	3.13594634789726
37.3000000000003	3.38067183471076	3.1553406909988
37.4000000000003	3.40466051426437	3.17478727208142
37.5000000000003	3.4287485603654	3.19428609114512
37.6000000000003	3.45293625586291	3.21383714818989
37.7000000000003	3.47722388360596	3.23344044321573
37.8000000000003	3.50161172644362	3.25309597622266
37.9000000000003	3.52610006722495	3.27280374721066
38.0000000000003	3.550689188799	3.29256375617973
38.1000000000003	3.57537937401484	3.31237600312988
38.2000000000003	3.60017090572153	3.33224048806111
38.3000000000003	3.62506406676814	3.35215721097342
38.4000000000003	3.65005914000371	3.3721261718668
38.5000000000003	3.67515640827732	3.39214737074126
38.6000000000003	3.70035615443803	3.41222080759679
38.7000000000003	3.72565866133489	3.4323464824334
38.8000000000003	3.75106421181697	3.45252439525109
38.9000000000003	3.77657308873334	3.47275454604985
39.0000000000003	3.80218557493304	3.4930369348297
39.1000000000003	3.82790195326514	3.51337156159061
39.2000000000003	3.85372250657871	3.5337584263326
39.3000000000003	3.87964751772281	3.55419752905567
39.4000000000003	3.90567726954649	3.57468886975982
39.5000000000003	3.93181204489882	3.59523244844504
39.6000000000003	3.95805212662886	3.61582826511134
39.7000000000003	3.98439779758567	3.63647631975872
39.8000000000003	4.01084934061831	3.65717661238717
39.9000000000003	4.03740703857584	3.6779291429967
40.0000000000003	4.06407117430733	3.6987339115873
40.1000000000003	4.09084203066184	3.71959091815898
40.2000000000003	4.11771989048842	3.74050016271174
40.3000000000003	4.14470503663615	3.76146164524557
40.4000000000003	4.17179775195407	3.78247536576048
40.5000000000003	4.19899831929126	3.80354132425647
40.6000000000003	4.22630702149676	3.82465952073353
40.7000000000003	4.25372414141966	3.84582995519167
40.8000000000003	4.281249961909	3.86705262763089
40.9000000000003	4.30888476581384	3.88832753805118
41.0000000000003	4.33662883598326	3.90965468645255
41.1000000000003	4.3644824552663	3.931034072835
41.2000000000003	4.39244590651204	3.95246569719852
41.3000000000003	4.42051947256953	3.97394955954312
41.4000000000003	4.44870343628783	3.99548565986879
41.5000000000003	4.47699808051601	4.01707399817554
41.6000000000003	4.50540368810312	4.03871457446337
41.7000000000003	4.53392054189824	4.06040738873227
41.8000000000003	4.56254892475041	4.08215244098225
41.9000000000003	4.5912891195087	4.10394973121331
42.0000000000003	4.62014140902218	4.12579925942544
42.1000000000003	4.6491060761399	4.14770102561865
42.2000000000003	4.67818340371093	4.16965502979294
42.3000000000003	4.70737367458432	4.1916612719483
42.4000000000003	4.73667717160914	4.21371975208474
42.5000000000003	4.76609417763445	4.23583047020226
42.6000000000003	4.79562497550931	4.25799342630085
42.7000000000003	4.82526984808278	4.28020862038052
42.8000000000003	4.85502907820392	4.30247605244126
42.9000000000003	4.8849029487218	4.32479572248308
43.0000000000003	4.91489174248548	4.34716763050598
43.1000000000003	4.94499574234401	4.36959177650995
43.2000000000003	4.97521523114646	4.392068160495
43.3000000000003	5.00555049174189	4.41459678246113
43.4000000000003	5.03600180697937	4.43717764240834
43.5000000000003	5.06656945970794	4.45981074033661
43.6000000000003	5.09725373277668	4.48249607624597
43.7000000000004	5.12805490903465	4.5052336501364
43.8000000000004	5.1589732713309	4.52802346200791
43.9000000000004	5.1900091025145	4.5508655118605
44.0000000000004	5.22116268543452	4.57375979969416
44.1000000000004	5.25243430294	4.5967063255089
44.2000000000004	5.28382423788001	4.61970508930471
44.3000000000004	5.31533277310362	4.6427560910816
44.4000000000004	5.34696019145989	4.66585933083957
44.5000000000004	5.37870677579787	4.68901480857862
44.6000000000004	5.41057280896663	4.71222252429874
44.7000000000004	5.44255857381523	4.73548247799993
44.8000000000004	5.47466435319273	4.75879466968221
44.9000000000004	5.50689042994819	4.78215909934556
45.0000000000004	5.53923708693067	4.80557576698998
45.1000000000004	5.57170460698924	4.82904467261549
45.2000000000004	5.60429327297296	4.85256581622206
45.3000000000004	5.63700336773088	4.87613919780972
45.4000000000004	5.66983517411207	4.89976481737845
45.5000000000004	5.7027889749656	4.92344267492826
45.6000000000004	5.73586505314051	4.94717277045915
45.7000000000004	5.76906369148588	4.97095510397111
45.8000000000004	5.80238517285076	4.99478967546414
45.9000000000004	5.83582978008422	5.01867648493826
46.0000000000004	5.86939779603532	5.04261553239345
46.1000000000004	5.90308950355311	5.06660681782972
46.2000000000004	5.93690518548666	5.09065034124706
46.3000000000004	5.97084512468504	5.11474610264548
46.4000000000004	6.0049096039973	5.13889410202497
46.5000000000004	6.0390989062725	5.16309433938555
46.6000000000004	6.07341331435971	5.1873468147272
46.7000000000004	6.10785311110798	5.21165152804992
46.8000000000004	6.14241857936638	5.23600847935372
46.9000000000004	6.17711000198397	5.2604176686386
47.0000000000004	6.21192766180982	5.28487909590456
47.1000000000004	6.24687184169297	5.30939276115159
47.2000000000004	6.2819428244825	5.3339586643797
47.3000000000004	6.31714089302747	5.35857680558888
47.4000000000004	6.35246633017693	5.38324718477914
47.5000000000004	6.38791941877995	5.40796980195048
47.6000000000004	6.42350044168558	5.43274465710289
47.7000000000004	6.4592096817429	5.45757175023638
47.8000000000004	6.49504742180096	5.48245108135095
47.9000000000004	6.53101394470882	5.50738265044659
48.0000000000004	6.56710953331555	5.53236645752331
48.1000000000004	6.60333447047021	5.5574025025811
48.2000000000004	6.63968903902185	5.58249078561998
48.3000000000004	6.67617352181954	5.60763130663992
48.4000000000004	6.71278820171234	5.63282406564095
48.5000000000004	6.74953336154931	5.65806906262305
48.6000000000004	6.78640928417951	5.68336629758623
48.7000000000004	6.82341625245201	5.70871577053048
48.8000000000004	6.86055454921587	5.73411748145581
48.9000000000004	6.89782445732014	5.75957143036222
49.0000000000004	6.93522625961389	5.7850776172497
49.1000000000004	6.97276023894618	5.81063604211826
49.2000000000004	7.01042667816607	5.8362467049679
49.3000000000004	7.04822586012263	5.86190960579861
49.4000000000004	7.0861580676649	5.8876247446104
49.5000000000004	7.12422358364196	5.91339212140327
49.6000000000004	7.16242269090287	5.93921173617721
49.7000000000004	7.20075567229669	5.96508358893223
49.8000000000004	7.23922281067248	5.99100767966832
49.9000000000004	7.27782438887929	6.01698400838549
50.0000000000004	7.3165606897662	6.04301257508374
50.1000000000004	7.35543199618227	6.06909337976307
50.2000000000004	7.39443859097654	6.09522642242347
50.3000000000004	7.4335807569981	6.12141170306494
50.4000000000004	7.47285877709599	6.1476492216875
50.5000000000004	7.51227293411928	6.17393897829113
50.6000000000004	7.55182351091703	6.20028097287583
50.7000000000005	7.5915107903383	6.22667520544162
50.8000000000005	7.63133505523216	6.25312167598848
50.9000000000005	7.67129658844766	6.27962038451641
51.0000000000005	7.71139567283386	6.30617133102542
51.1000000000005	7.75163259123984	6.33277451551551
51.2000000000005	7.79200762651464	6.35942993798668
51.3000000000005	7.83252106150733	6.38613759843892
51.4000000000005	7.87317317906697	6.41289749687224
51.5000000000005	7.91396426204263	6.43970963328663
51.6000000000005	7.95489459328336	6.4665740076821
51.7000000000005	7.99596445563822	6.49349062005865
51.8000000000005	8.03717413195628	6.52045947041627
51.9000000000005	8.07852390508661	6.54748055875497
52.0000000000005	8.12001405787825	6.57455388507475
52.1000000000005	8.16164487318026	6.6016794493756
52.2000000000005	8.20341663384173	6.62885725165753
52.3000000000005	8.24532962271169	6.65608729192054
52.4000000000005	8.28738412263923	6.68336957016462
52.5000000000005	8.32958041647338	6.71070408638978
52.6000000000005	8.37191878706323	6.73809084059601
52.7000000000005	8.41439951725782	6.76552983278332
52.8000000000005	8.45702288990623	6.79302106295171
52.9000000000005	8.49978918785751	6.82056453110117
53.0000000000005	8.54269869396072	6.84816023723172
53.1000000000005	8.58575169106492	6.87580818134333
53.2000000000005	8.62894846201918	6.90350836343603
53.3000000000005	8.67228928967256	6.9312607835098
53.4000000000005	8.71577445687412	6.95906544156464
53.5000000000005	8.75940424647291	6.98692233760057
53.6000000000005	8.80317894131801	7.01483147161756
53.7000000000005	8.84709882425848	7.04279284361564
53.8000000000005	8.89116417814336	7.07080645359479
53.9000000000005	8.93537528582173	7.09887230155502
54.0000000000005	8.97973243014265	7.12699038749633
54.1000000000005	9.02423589395518	7.15516071141871
54.2000000000005	9.06888596010837	7.18338327332217
54.3000000000005	9.1136829114513	7.2116580732067
54.4000000000005	9.15862703083302	7.23998511107231
54.5000000000005	9.2037186011026	7.268364386919
54.6000000000005	9.24895790510909	7.29679590074676
54.7000000000005	9.29434522570155	7.3252796525556
54.8000000000005	9.33988084572906	7.35381564234552
54.9000000000005	9.38556504804066	7.38240387011651
55.0000000000005	9.43139811548542	7.41104433586858
55.1000000000005	9.47738033091241	7.43973703960173
55.2000000000005	9.52351197717067	7.46848198131595
55.3000000000005	9.56979333710929	7.49727916101125
55.4000000000005	9.61622469357731	7.52612857868762
55.5000000000005	9.6628063294238	7.55503023434507
55.6000000000005	9.70953852749781	7.5839841279836
55.7000000000005	9.75642157064842	7.6129902596032
55.8000000000005	9.80345574172468	7.64204862920389
55.9000000000005	9.85064132357565	7.67115923678564
56.0000000000005	9.8979785990504	7.70032208234848
56.1000000000005	9.94546785099798	7.72953716589239
56.2000000000005	9.99310936226746	7.75880448741737
56.3000000000005	10.0409034157079	7.78812404692344
56.4000000000005	10.0888502941684	7.81749584441058
56.5000000000005	10.1369502804979	7.84691987987879
56.6000000000005	10.1852036575456	7.87639615332808
56.7000000000005	10.2336107081605	7.90592466475845
56.8000000000005	10.2821717151916	7.9355054141699
56.9000000000005	10.3308869614881	7.96513840156242
57.0000000000005	10.379756729899	7.99482362693602
57.1000000000005	10.4287813032733	8.02456109029069
57.2000000000005	10.4779609644601	8.05435079162644
57.3000000000005	10.5272959963085	8.08419273094327
57.4000000000005	10.5767866816675	8.11408690824117
57.5000000000005	10.6264333033863	8.14403332352015
57.6000000000005	10.6762361443137	8.17403197678021
57.7000000000005	10.726195487299	8.20408286802134
57.8000000000006	10.7763116151912	8.23418599724355
57.9000000000006	10.8265848108393	8.26434136444684
58.0000000000006	10.8770153570925	8.2945489696312
58.1000000000006	10.9276035367996	8.32480881279664
58.2000000000006	10.97834963281	8.35512089394315
58.3000000000006	11.0292539279725	8.38548521307075
58.4000000000006	11.0803167051362	8.41590177017941
58.5000000000006	11.1315382471502	8.44637056526916
58.6000000000006	11.1829188368637	8.47689159833998
58.7000000000006	11.2344587571255	8.50746486939188
58.8000000000006	11.2861582907849	8.53809037842485
58.9000000000006	11.3380177206908	8.5687681254389
59.0000000000006	11.3900373296923	8.59949811043403
59.1000000000006	11.4422174006385	8.63028033341023
59.2000000000006	11.4945582163784	8.66111479436751
59.3000000000006	11.5470600597611	8.69200149330586
59.4000000000006	11.5997232136357	8.7229404302253
59.5000000000006	11.6525479608513	8.75393160512581
59.6000000000006	11.7055345842568	8.78497501800739
59.7000000000006	11.7586833667013	8.81607066887005
59.8000000000006	11.8119945910339	8.84721855771379
59.9000000000006	11.8654685401038	8.87841868453861
60.0000000000006	11.9191054967598	8.9096710493445
60.1000000000006	11.9729057438512	8.94097565213146
60.2000000000006	12.0268695642268	8.97233249289951
60.3000000000006	12.0809972407359	9.00374157164863
60.4000000000006	12.1352890562275	9.03520288837882
60.5000000000006	12.1897452935506	9.0667164430901
60.6000000000006	12.2443662355544	9.09828223578245
60.7000000000006	12.2991521650877	9.12990026645587
60.8000000000006	12.3541033649998	9.16157053511037
60.9000000000006	12.4092201181397	9.19329304174595
61.0000000000006	12.4645027073564	9.22506778636261
61.1000000000006	12.519951415499	9.25689476896034
61.2000000000006	12.5755665254166	9.28877398953915
61.3000000000006	12.6313483199582	9.32070544809903
61.4000000000006	12.6872970819729	9.35268914463999
61.5000000000006	12.7434130943098	9.38472507916203
61.6000000000006	12.7996966398178	9.41681325166515
61.7000000000006	12.8561480013462	9.44895366214934
61.8000000000006	12.9127674617438	9.4811463106146
61.9000000000006	12.9695553038599	9.51339119706094
62.0000000000006	13.0265118105434	9.54568832148836
62.1000000000006	13.0836372646435	9.57803768389686
62.2000000000006	13.1409319490091	9.61043928428643
62.3000000000006	13.1983961464894	9.64289312265708
62.4000000000006	13.2560301399333	9.67539919900881
62.5000000000006	13.31383421219	9.70795751334161
62.6000000000006	13.3718086461086	9.74056806565549
62.7000000000006	13.429953724538	9.77323085595044
62.8000000000006	13.4882697303274	9.80594588422647
62.9000000000006	13.5467569463258	9.83871315048358
63.0000000000006	13.6054156553823	9.87153265472176
63.1000000000006	13.6642461403459	9.90440439694103
63.2000000000006	13.7232486840657	9.93732837714136
63.3000000000006	13.7824235693907	9.97030459532277
63.4000000000006	13.8417710791701	10.0033330514853
63.5000000000006	13.9012914962528	10.0364137456288
63.6000000000006	13.960985103488	10.0695466777535
63.7000000000006	14.0208521837247	10.1027318478592
63.8000000000006	14.0808930198119	10.135969255946
63.9000000000006	14.1411078945988	10.1692589020139
64.0000000000006	14.2014970909343	10.2026007860628
64.1000000000006	14.2620608916676	10.2359949080928
64.2000000000006	14.3227995796477	10.2694412681039
64.3000000000006	14.3837134377236	10.3029398660961
64.4000000000006	14.4448027487445	10.3364907020694
64.5000000000006	14.5060677955594	10.3700937760237
64.6000000000006	14.5675088610173	10.4037490879591
64.7000000000006	14.6291262279674	10.4374566378756
64.8000000000006	14.6909201792586	10.4712164257731
64.9000000000006	14.7528909977401	10.5050284516518
65.0000000000006	14.8150389662608	10.5388927155115
65.1000000000006	14.8773643676699	10.5728092173523
65.2000000000006	14.9398674848165	10.6067779571741
65.3000000000006	15.0025486005495	10.6407989349771
65.4000000000006	15.0654079977181	10.6748721507611
65.5000000000006	15.1284459591712	10.7089976045262
65.6000000000005	15.1916627677581	10.7431752962723
65.7000000000005	15.2550587063276	10.7774052259996
65.8000000000005	15.318634057729	10.8116873937079
65.9000000000005	15.3823891048112	10.8460217993973
66.0000000000005	15.4463241304233	10.8804084430678
66.1000000000005	15.5104394174144	10.9148473247193
66.2000000000005	15.5747352486335	10.9493384443519
66.3000000000005	15.6392119069297	10.9838818019657
66.4000000000005	15.7038696751521	11.0184773975604
66.5000000000005	15.7687088361497	11.0531252311363
66.6000000000005	15.8337296727715	11.0878253026932
66.7000000000005	15.8989324678667	11.1225776122312
66.8000000000005	15.9643175042844	11.1573821597503
66.9000000000005	16.0298850648734	11.1922389452505
67.0000000000005	16.095635432483	11.2271479687317
67.1000000000005	16.1615688899622	11.262109230194
67.2000000000005	16.2276857201601	11.2971227296374
67.3000000000005	16.2939862059256	11.3321884670619
67.4000000000004	16.3604706301079	11.3673064424674
67.5000000000004	16.4271392755561	11.4024766558541
67.6000000000004	16.4939924251191	11.4376991072218
67.7000000000004	16.5610303616461	11.4729737965705
67.8000000000004	16.6282533679861	11.5083007239004
67.9000000000004	16.6956617269882	11.5436798892113
68.0000000000004	16.7632557215015	11.5791112925033
68.1000000000004	16.8310356343749	11.6145949337764
68.2000000000004	16.8990017484576	11.6501308130305
68.3000000000004	16.9671543465986	11.6857189302658
68.4000000000004	17.035493711647	11.7213592854821
68.5000000000004	17.1040201264518	11.7570518786795
68.6000000000004	17.1727338738622	11.7927967098579
68.7000000000004	17.2416352367271	11.8285937790175
68.8000000000004	17.3107244978957	11.8644430861581
68.9000000000004	17.3800019402169	11.9003446312798
69.0000000000004	17.4494678465399	11.9362984143825
69.1000000000003	17.5191224997137	11.9723044354664
69.2000000000003	17.5889661825874	12.0083626945313
69.3000000000003	17.65899917801	12.0444731915773
69.4000000000003	17.7292217688307	12.0806359266044
69.5000000000003	17.7996342378983	12.1168508996125
69.6000000000003	17.8702368680621	12.1531181106017
69.7000000000003	17.9410299421711	12.189437559572
69.8000000000003	18.0120137430744	12.2258092465234
69.9000000000003	18.0831885536209	12.2622331714559
70.0000000000003	18.1545546566598	12.2987093343694
70.1000000000003	18.2261123350401	12.335237735264
70.2000000000003	18.2978618716109	12.3718183741397
70.3000000000003	18.3698035492213	12.4084512509965
70.4000000000003	18.4419376507203	12.4451363658343
70.5000000000003	18.5142644589569	12.4818737186532
70.6000000000003	18.5867842567803	12.5186633094532
70.7000000000003	18.6594973270395	12.5555051382343
70.8000000000003	18.7324039525835	12.5923992049964
70.9000000000002	18.8055044162615	12.6293455097396
71.0000000000002	18.8787990009224	12.6663440524639
71.1000000000002	18.9522879894154	12.7033948331693
71.2000000000002	19.0259716645895	12.7404978518557
71.3000000000002	19.0998503092938	12.7776531085233
71.4000000000002	19.1739242063772	12.8148606031719
71.5000000000002	19.248193638689	12.8521203358015
71.6000000000002	19.3226588890781	12.8894323064123
71.7000000000002	19.3973202403936	12.9267965150041
71.8000000000002	19.4721779754846	12.964212961577
71.9000000000002	19.5472323772001	13.001681646131
72.0000000000002	19.6224837283892	13.0392025686661
72.1000000000002	19.697932311901	13.0767757291822
72.2000000000002	19.7735784105845	13.1144011276794
72.3000000000002	19.8494223072888	13.1520787641577
72.4000000000002	19.9254642848629	13.1898086386171
72.5000000000002	20.0017046261559	13.2275907510575
72.6000000000002	20.0781436140169	13.265425101479
72.7000000000001	20.1547815312949	13.3033116898816
72.8000000000001	20.2316186608389	13.3412505162653
72.9000000000001	20.3086552854982	13.3792415806301
73.0000000000001	20.3858916881216	13.4172848829759
73.1000000000001	20.4633281515583	13.4553804233028
73.2000000000001	20.5409649586573	13.4935282016108
73.3000000000001	20.6188023922677	13.5317282178998
73.4000000000001	20.6968407352386	13.5699804721699
73.5000000000001	20.775080270419	13.6082849644211
73.6000000000001	20.853521280658	13.6466416946534
73.7000000000001	20.9321640488046	13.6850506628668
73.8000000000001	21.0110088577079	13.7235118690612
73.9000000000001	21.0900559902169	13.7620253132367
74.0000000000001	21.1693057291808	13.8005909953933
74.1000000000001	21.2487583574486	13.839208915531
74.2000000000001	21.3284141578693	13.8778790736497
74.3000000000001	21.408273413292	13.9166014697495
74.4	21.4883364065658	13.9553761038304
74.5	21.5686034205397	13.9942029758924
74.6	21.6490747380628	14.0330820859355
74.7	21.7297506419842	14.0720134339596
74.8	21.8106314151528	14.1109970199648
74.9	21.8917173404179	14.1500328439511
75	21.9730087006283	14.1891209059184
75.1	22.0545057786333	14.2282612058668
75.2	22.1362088572818	14.2674537437963
75.3	22.218118219423	14.3066985197069
75.4	22.3002341479058	14.3459955335986
75.5	22.3825569255794	14.3853447854713
75.6	22.4650868352927	14.4247462753251
75.7	22.547824159895	14.46420000316
75.8	22.6307691822351	14.503705968976
75.9	22.7139221851623	14.543264172773
76	22.7972834515255	14.5828746145511
76.1	22.8808532641738	14.6225372943103
76.1999999999999	22.9646319059563	14.6622522120506
76.2999999999999	23.048619659722	14.7020193677719
76.3999999999999	23.13281680832	14.7418387614744
76.4999999999999	23.2172236345993	14.7817103931579
76.5999999999999	23.3018404214091	14.8216342628224
76.6999999999999	23.3866674515984	14.8616103704681
76.7999999999999	23.4717050080162	14.9016387160948
76.8999999999999	23.5569533735116	14.9417192997026
76.9999999999999	23.6424128309336	14.9818521212915
77.0999999999999	23.7280836631314	15.0220371808615
77.1999999999999	23.813966152954	15.0622744784125
77.2999999999999	23.9000605832504	15.1025640139446
77.3999999999999	23.9863672368697	15.1429057874578
77.4999999999999	24.072886396661	15.1832997989521
77.5999999999999	24.1596183454733	15.2237460484274
77.6999999999999	24.2465633661558	15.2642445358838
77.7999999999999	24.3337217415573	15.3047952613213
77.8999999999998	24.4210937545271	15.3453982247399
77.9999999999998	24.5086796879142	15.3860534261395
78.0999999999998	24.5964798245676	15.4267608655202
78.1999999999998	24.6844944473364	15.467520542882
78.2999999999998	24.7727238390696	15.5083324582249
78.3999999999998	24.8611682826164	15.5491966115489
78.4999999999998	24.9498280608258	15.5901130028539
78.5999999999998	25.0387034565468	15.63108163214
78.6999999999998	25.1277947526285	15.6721024994072
78.7999999999998	25.21710223192	15.7131756046554
78.8999999999998	25.3066261772703	15.7543009478848
78.9999999999998	25.3963668715285	15.7954785290952
79.0999999999998	25.4863245975436	15.8367083482867
79.1999999999998	25.5764996381648	15.8779904054592
79.2999999999998	25.666892276241	15.9193247006129
79.3999999999998	25.7575027946214	15.9607112337476
79.4999999999998	25.848331476155	16.0021500048634
79.5999999999998	25.9393786036908	16.0436410139602
79.6999999999997	26.030644460078	16.0851842610382
79.7999999999997	26.1221293281655	16.1267797460972
79.8999999999997	26.2138334908024	16.1684274691373
79.9999999999997	26.3057572308379	16.2101274301585
80.0999999999997	26.397900831121	16.2518796291607
80.1999999999997	26.4902645745006	16.293684066144
80.2999999999997	26.582848743826	16.3355407411085
80.3999999999997	26.6756536219461	16.3774496540539
80.4999999999997	26.76867949171	16.4194108049805
80.5999999999997	26.8619266359668	16.4614241938881
80.6999999999997	26.9553953375655	16.5034898207768
80.7999999999997	27.0490858793552	16.5456076856466
80.8999999999997	27.142998544185	16.5877777884975
80.9999999999997	27.2371336149039	16.6300001293294
81.0999999999997	27.3314913743609	16.6722747081424
81.1999999999997	27.4260721054052	16.7146015249365
81.2999999999997	27.5208760908858	16.7569805797117
81.3999999999997	27.6159036136518	16.7994118724679
81.4999999999996	27.7111549565522	16.8418954032052
81.5999999999996	27.8066304024361	16.8844311719236
81.6999999999996	27.9023302341525	16.9270191786231
81.7999999999996	27.9982547345505	16.9696594233037
81.8999999999996	28.0944041864792	17.0123519059653
81.9999999999996	28.1907788727877	17.055096626608
82.0999999999996	28.2873790763249	17.0978935852318
82.1999999999996	28.38420507994	17.1407427818366
82.2999999999996	28.481257166482	17.1836442164226
82.3999999999996	28.5785356187999	17.2265978889896
82.4999999999996	28.676040719743	17.2696037995376
82.5999999999996	28.7737727521601	17.3126619480668
82.6999999999996	28.8717319989003	17.355772334577
82.7999999999996	28.9699187428128	17.3989349590684
82.8999999999996	29.0683332667466	17.4421498215408
82.9999999999996	29.1669758535507	17.4854169219942
83.0999999999996	29.2658467860743	17.5287362604288
83.1999999999995	29.3649463471663	17.5721078368444
83.2999999999995	29.4642748196758	17.6155316512411
83.3999999999995	29.5638324864519	17.6590077036188
83.4999999999995	29.6636196303437	17.7025359939777
83.5999999999995	29.7636365342001	17.7461165223176
83.6999999999995	29.8638834808704	17.7897492886386
83.7999999999995	29.9643607532035	17.8334342929407
83.8999999999995	30.0650686340485	17.8771715352239
83.9999999999995	30.1660074062544	17.9209610154881
84.0999999999995	30.2671773526704	17.9648027337334
84.1999999999995	30.3685787561454	18.0086966899598
84.2999999999995	30.4702118995286	18.0526428841672
84.3999999999995	30.572077065669	18.0966413163558
84.4999999999995	30.6741745374156	18.1406919865254
84.5999999999995	30.7765045976176	18.1847948946761
84.6999999999995	30.879067529124	18.2289500408078
84.7999999999995	30.9818636147838	18.2731574249207
84.8999999999995	31.0848931374462	18.3174170470146
84.9999999999994	31.1881563799601	18.3617289070896
85.0999999999994	31.2916536251746	18.4060930051457
85.1999999999994	31.3953851559388	18.4505093411828
85.2999999999994	31.4993512551018	18.494977915201
85.3999999999994	31.6035522055126	18.5394987272003
85.4999999999994	31.7079882900203	18.5840717771807
85.5999999999994	31.812659791474	18.6286970651422
85.6999999999994	31.9175669927226	18.6733745910847
85.7999999999994	32.0227101766153	18.7181043550083
85.8999999999994	32.1280896260011	18.762886356913
85.9999999999994	32.2337056237291	18.8077205967987
86.0999999999994	32.3395584526483	18.8526070746656
86.1999999999994	32.4456483956079	18.8975457905135
86.2999999999994	32.5519757354568	18.9425367443425
86.3999999999994	32.6585407550442	18.9875799361525
86.4999999999994	32.765343737219	19.0326753659437
86.5999999999994	32.8723849648305	19.0778230337159
86.6999999999993	32.9796647207275	19.1230229394692
86.7999999999993	33.0871832877592	19.1682750832036
86.8999999999993	33.1949409487746	19.213579464919
86.9999999999993	33.3029379866228	19.2589360846155
87.0999999999993	33.4111746841529	19.3043449422931
87.1999999999993	33.519651324214	19.3498060379518
87.2999999999993	33.628368189655	19.3953193715916
87.3999999999993	33.737325563325	19.4408849432124
87.4999999999993	33.8465237280732	19.4865027528143
87.5999999999993	33.9559629667485	19.5321728003973
87.6999999999993	34.0656435622001	19.5778950859613
87.7999999999993	34.1755657972769	19.6236696095065
87.8999999999993	34.2857299548281	19.6694963710327
87.9999999999993	34.3961363177027	19.71537537054
88.0999999999993	34.5067851687498	19.7613066080283
88.1999999999993	34.6176767908184	19.8072900834978
88.2999999999993	34.7288114667576	19.8533257969483
88.3999999999993	34.8401894794165	19.8994137483799
88.4999999999992	34.9518111116441	19.9455539377926
88.5999999999992	35.0636766462895	19.9917463651863
88.6999999999992	35.1757863662017	20.0379910305611
88.7999999999992	35.2881405542298	20.084287933917
88.8999999999992	35.4007394932229	20.130637075254
88.9999999999992	35.51358346603	20.1770384545721
89.0999999999992	35.6266727555003	20.2234920718712
89.1999999999992	35.7400076444826	20.2699979271514
89.2999999999992	35.8535884158262	20.3165560204127
89.3999999999992	35.96741535238	20.363166351655
89.4999999999992	36.0814887369932	20.4098289208785
89.5999999999992	36.1958088525148	20.456543728083
89.6999999999992	36.3103759817938	20.5033107732686
89.7999999999992	36.4251904076793	20.5501300564352
89.8999999999992	36.5402524130205	20.597001577583
89.9999999999992	36.6555622806662	20.6439253367118
90.0999999999992	36.7711202934657	20.6909013338217
90.1999999999992	36.8869267342679	20.7379295689126
90.2999999999991	37.002981885922	20.7850100419847
90.3999999999991	37.1192860312769	20.8321427530378
90.4999999999991	37.2358394531818	20.879327702072
90.5999999999991	37.3526424344857	20.9265648890873
90.6999999999991	37.4696952580377	20.9738543140836
90.7999999999991	37.5869982066868	21.0211959770611
90.8999999999991	37.7045515632821	21.0685898780196
90.9999999999991	37.8223556106726	21.1160360169591
91.0999999999991	37.9404106317075	21.1635343938798
91.1999999999991	38.0587169092358	21.2110850087815
91.2999999999991	38.1772747261064	21.2586878616643
91.3999999999991	38.2960843651686	21.3063429525282
91.4999999999991	38.4151461092714	21.3540502813732
91.5999999999991	38.5344602412637	21.4018098481992
91.6999999999991	38.6540270439948	21.4496216530063
91.7999999999991	38.7738468003136	21.4974856957945
91.8999999999991	38.8939197930692	21.5454019765638
91.999999999999	39.0142463051106	21.5933704953141
92.099999999999	39.134826619287	21.6413912520456
92.199999999999	39.2556610184474	21.6894642467581
92.299999999999	39.3767497854409	21.7375894794516
92.399999999999	39.4980932031164	21.7857669501263
92.499999999999	39.6196915543232	21.833996658782
92.599999999999	39.7415451219101	21.8822786054188
92.699999999999	39.8636541887264	21.9306127900367
92.799999999999	39.986019037621	21.9789992126356
92.899999999999	40.1086399514431	22.0274378732157
92.999999999999	40.2315172130416	22.0759287717768
93.099999999999	40.3546511052657	22.124471908319
93.199999999999	40.4780419109644	22.1730672828422
93.299999999999	40.6016899129867	22.2217148953466
93.399999999999	40.7255953941818	22.270414745832
93.499999999999	40.8497586373986	22.3191668342985
93.599999999999	40.9741799254863	22.3679711607461
93.699999999999	41.098859541294	22.4168277251747
93.7999999999989	41.2237977676706	22.4657365275844
93.8999999999989	41.3489948874652	22.5146975679752
93.9999999999989	41.4744511835269	22.5637108463471
94.0999999999989	41.6001669387048	22.6127763627
94.1999999999989	41.7261424358479	22.6618941170341
94.2999999999989	41.8523779578053	22.7110641093492
94.3999999999989	41.978873787426	22.7602863396453
94.4999999999989	42.1056302075591	22.8095608079226
94.5999999999989	42.2326475010537	22.8588875141809
94.6999999999989	42.3599259507588	22.9082664584203
94.7999999999989	42.4874658395235	22.9576976406408
94.8999999999989	42.6152674501969	23.0071810608424
94.9999999999989	42.7433310656279	23.056716719025
95.0999999999989	42.8716569686657	23.1063046151887
95.1999999999989	43.0002454421594	23.1559447493335
95.2999999999989	43.129096768958	23.2056371214594
95.3999999999989	43.2582112319105	23.2553817315663
95.4999999999988	43.387589113866	23.3051785796543
95.5999999999988	43.5172306976736	23.3550276657234
95.6999999999988	43.6471362661823	23.4049289897736
95.7999999999988	43.7773061022413	23.4548825518049
95.8999999999988	43.9077404886995	23.5048883518172
95.9999999999988	44.038439708406	23.5549463898106
96.0999999999988	44.1694040442099	23.6050566657851
96.1999999999988	44.3006337789603	23.6552191797406
96.2999999999988	44.4321291955061	23.7054339316773
96.3999999999988	44.5638905766966	23.755700921595
96.4999999999988	44.6959182053806	23.8060201494937
96.5999999999988	44.8282123644074	23.8563916153736
96.6999999999988	44.9607733366259	23.9068153192345
96.7999999999988	45.0936014048852	23.9572912610766
96.8999999999988	45.2266968520344	24.0078194408996
96.9999999999988	45.3600599609225	24.0583998587038
97.0999999999988	45.4936910143987	24.1090325144891
97.1999999999988	45.6275902953119	24.1597174082554
97.2999999999987	45.7617580865112	24.2104545400028
97.3999999999987	45.8961946708457	24.2612439097312
97.4999999999987	46.0309003311644	24.3120855174408
97.5999999999987	46.1658753503165	24.3629793631314
97.6999999999987	46.3011200111509	24.4139254468031
97.7999999999987	46.4366345965167	24.4649237684559
97.8999999999987	46.572419389263	24.5159743280897
97.9999999999987	46.7084746722389	24.5670771257047
98.0999999999987	46.8448007282934	24.6182321613007
98.1999999999987	46.9813978402756	24.6694394348778
98.2999999999987	47.1182662910345	24.7206989464359
98.3999999999987	47.2554063634191	24.7720106959752
98.4999999999987	47.3928183402787	24.8233746834955
98.5999999999987	47.5305025044622	24.8747909089969
98.6999999999987	47.6684591388186	24.9262593724793
98.7999999999987	47.8066885261971	24.9777800739429
98.8999999999987	47.9451909494467	25.0293530133875
98.9999999999986	48.0839666914165	25.0809781908132
99.0999999999986	48.2230160349555	25.1326556062199
99.1999999999986	48.3623392629127	25.1843852596078
99.2999999999986	48.5019366581373	25.2361671509767
99.3999999999986	48.6418085034784	25.2880012803267
99.4999999999986	48.7819550817849	25.3398876476578
99.5999999999986	48.9223766759059	25.3918262529699
99.6999999999986	49.0630735686905	25.4438170962632
99.7999999999986	49.2040460429878	25.4958601775375
99.8999999999986	49.3452943816468	25.5479554967929
99.9999999999986	49.4868188675166	25.6001030540293
100.099999999999	49.6286197834462	25.6523028492468
100.199999999999	49.7706974122847	25.7045548824455
100.299999999999	49.9130520368812	25.7568591536252
100.399999999999	50.0556839400847	25.8092156627859
100.499999999999	50.1985934047443	25.8616244099278
100.599999999999	50.341780713709	25.9140853950507
100.699999999999	50.485246149828	25.9665986181547
100.799999999999	50.6289899959502	26.0191640792397
100.899999999999	50.7730125349247	26.0717817783059
100.999999999999	50.9173140496007	26.1244517153531
101.099999999999	51.061894822827	26.1771738903814
101.199999999999	51.2067551374529	26.2299483033908
101.299999999999	51.3518952763274	26.2827749543812
101.399999999999	51.4973155222995	26.3356538433528
101.499999999999	51.6430161582183	26.3885849703054
101.599999999999	51.7889974669329	26.441568335239
101.699999999998	51.9352597312923	26.4946039381538
101.799999999998	52.0818032341456	26.5476917790496
101.899999999998	52.2286282583418	26.6008318579265
101.999999999998	52.37573508673	26.6540241747845
102.099999999998	52.5231240021593	26.7072687296236
102.199999999998	52.6707952874787	26.7605655224437
102.299999999998	52.8187492255374	26.813914553245
102.399999999998	52.9669860991842	26.8673158220272
102.499999999998	53.1155061912684	26.9207693287906
102.599999999998	53.2643097846389	26.9742750735351
102.699999999998	53.4133971621449	27.0278330562606
102.799999999998	53.5627686066354	27.0814432769672
102.899999999998	53.7124244009594	27.1351057356549
102.999999999998	53.8623648279661	27.1888204323236
103.099999999998	54.0125901705044	27.2425873669734
103.199999999998	54.1631007114235	27.2964065396043
103.299999999998	54.3138967335724	27.3502779502163
103.399999999998	54.4649785198001	27.4042015988094
103.499999999998	54.6163463529558	27.4581774853835
103.599999999998	54.7680005158885	27.5122056099387
103.699999999998	54.9199412914472	27.566285972475
103.799999999998	55.072168962481	27.6204185729924
103.899999999998	55.224683811839	27.6746034114908
103.999999999998	55.3774861223702	27.7288404879703
104.099999999998	55.5305761769237	27.7831298024309
104.199999999998	55.6839542583486	27.8374713548726
104.299999999998	55.8376206494939	27.8918651452953
104.399999999998	55.9915756332086	27.9463111736991
104.499999999998	56.145819492342	28.000809440084
104.599999999998	56.3003525097429	28.05535994445
104.699999999998	56.4551749682604	28.1099626867971
104.799999999998	56.6102871507437	28.1646176671252
104.899999999998	56.7656893400418	28.2193248854344
104.999999999998	56.9213818190037	28.2740843417247
105.099999999998	57.0773648704786	28.328896035996
105.199999999998	57.2336387773154	28.3837599682485
105.299999999998	57.3902038223632	28.438676138482
105.399999999998	57.5470602884711	28.4936445466966
105.499999999998	57.7042084584882	28.5486651928922
105.599999999998	57.8616486152635	28.603738077069
105.699999999998	58.0193810416461	28.6588631992268
105.799999999998	58.177406020485	28.7140405593657
105.899999999998	58.3357238346293	28.7692701574856
105.999999999998	58.4943347669281	28.8245519935867
106.099999999998	58.6532391002304	28.8798860676688
106.199999999998	58.8124371173852	28.935272379732
106.299999999998	58.9719291012418	28.9907109297763
106.399999999998	59.131715334649	29.0462017178016
106.499999999998	59.291796100456	29.101744743808
106.599999999998	59.4521716815118	29.1573400077955
106.699999999998	59.6128423606655	29.2129875097641
106.799999999998	59.7738084207662	29.2686872497138
106.899999999998	59.9350701446629	29.3244392276445
106.999999999998	60.0966278152046	29.3802434435563
107.099999999998	60.2584817152405	29.4360998974492
107.199999999998	60.4206321276196	29.4920085893232
107.299999999998	60.5830793351909	29.5479695191782
107.399999999998	60.7458236208036	29.6039826870143
107.499999999998	60.9088652673066	29.6600480928315
107.599999999998	61.0722045575491	29.7161657366298
107.699999999998	61.2358417743801	29.7723356184091
107.799999999998	61.3997772006486	29.8285577381695
107.899999999998	61.5640111192038	29.884832095911
107.999999999998	61.7285438128946	29.9411586916336
108.099999999998	61.8933755645703	29.9975375253373
108.199999999998	62.0585066570797	30.053968597022
108.299999999998	62.223937373272	30.1104519066878
108.399999999998	62.3896679959962	30.1669874543347
108.499999999998	62.5556988081014	30.2235752399626
108.599999999998	62.7220300924367	30.2802152635716
108.699999999998	62.8886621318511	30.3369075251617
108.799999999998	63.0555952091937	30.3936520247329
108.899999999998	63.2228296073135	30.4504487622852
108.999999999998	63.3903656090596	30.5072977378185
109.099999999998	63.5582034972811	30.5641989513329
109.199999999998	63.726343554827	30.6211524028284
109.299999999998	63.8947860645464	30.678158092305
109.399999999998	64.0635313092883	30.7352160197626
109.499999999998	64.2325795719019	30.7923261852014
109.599999999998	64.4019311352361	30.8494885886212
109.699999999998	64.57158628214	30.906703230022
109.799999999998	64.7415452954628	30.963970109404
109.899999999998	64.9118084580534	31.021289226767
109.999999999998	65.0823760527609	31.0786605821111
110.099999999998	65.2532483624343	31.1360841754363
110.199999999998	65.4244256699229	31.1935600067425
110.299999999998	65.5959082580755	31.2510880760299
110.399999999998	65.7676964097413	31.3086683832983
110.499999999998	65.9397904077693	31.3663009285478
110.599999999998	66.1121905350086	31.4239857117783
110.699999999998	66.2848970743082	31.48172273299
110.799999999998	66.4579103085172	31.5395119921827
110.899999999998	66.6312305204847	31.5973534893564
110.999999999998	66.8048579930598	31.6552472245113
111.099999999998	66.9787930090914	31.7131931976473
111.199999999998	67.1530358514287	31.7711914087643
111.299999999998	67.3275868029207	31.8292418578624
111.399999999998	67.5024461464164	31.8873445449415
111.499999999998	67.677614164765	31.9454994700018
111.599999999998	67.8530911408155	32.0037066330431
111.699999999998	68.028877357417	32.0619660340655
111.799999999998	68.2049730974185	32.120277673069
111.899999999998	68.381378643669	32.1786415500535
111.999999999998	68.5580942790177	32.2370576650192
112.099999999998	68.7351202863136	32.2955260179659
112.199999999998	68.9124569484058	32.3540466088937
112.299999999998	69.0901045481433	32.4126194378025
112.399999999998	69.2680633683752	32.4712445046924
112.499999999998	69.4463336919505	32.5299218095635
112.599999999998	69.6249158017183	32.5886513524155
112.699999999998	69.8038099805278	32.6474331332487
112.799999999998	69.9830165112278	32.7062671520629
112.899999999998	70.1625356766675	32.7651534088583
112.999999999998	70.342367759696	32.8240919036347
113.099999999998	70.5225130431624	32.8830826363921
113.199999999998	70.7029718099156	32.9421256071307
113.299999999998	70.8837443428047	33.0012208158503
113.399999999998	71.0648309246788	33.060368262551
113.499999999998	71.246231838387	33.1195679472328
113.599999999998	71.4279473667784	33.1788198698956
113.699999999998	71.6099777927019	33.2381240305396
113.799999999998	71.7923233990066	33.2974804291646
113.899999999998	71.9749844685417	33.3568890657706
113.999999999998	72.1579612841562	33.4163499403578
114.099999999998	72.341254128699	33.475863052926
114.199999999998	72.5248632850194	33.5354284034753
114.299999999998	72.7087890359663	33.5950459920057
114.399999999998	72.8930316643889	33.6547158185172
114.499999999998	73.0775914531361	33.7144378830097
114.599999999998	73.262468685057	33.7742121854833
114.699999999998	73.4476636430008	33.834038725938
114.799999999998	73.6331766098164	33.8939175043738
114.899999999998	73.8190078683529	33.9538485207907
114.999999999998	74.0051577014594	34.0138317751886
115.099999999998	74.191626391985	34.0738672675676
115.199999999998	74.3784142227787	34.1339549979277
115.299999999998	74.5655214766895	34.1940949662688
115.399999999998	74.7529484365666	34.254287172591
115.499999999998	74.9406953852589	34.3145316168943
115.599999999998	75.1287626056156	34.3748282991787
115.699999999998	75.3171503804857	34.4351772194442
115.799999999998	75.5058589927183	34.4955783776907
115.899999999998	75.6948887251625	34.5560317739183
115.999999999998	75.8842398606672	34.616537408127
116.099999999998	76.0739126820816	34.6770952803168
116.199999999998	76.2639074722547	34.7377053904876
116.299999999998	76.4542245140356	34.7983677386395
116.399999999998	76.6448640902733	34.8590823247725
116.499999999998	76.835826483817	34.9198491488866
116.599999999998	77.0271119775156	34.9806682109817
116.699999999998	77.2187208542182	35.0415395110579
116.799999999998	77.4106533967739	35.1024630491153
116.899999999998	77.6029098880318	35.1634388251536
116.999999999998	77.7954906108409	35.2244668391731
117.099999999998	77.9883958480502	35.2855470911736
117.199999999998	78.1816258825089	35.3466795811552
117.299999999998	78.375180997066	35.4078643091179
117.399999999998	78.5690614745705	35.4691012750616
117.499999999998	78.7632675978716	35.5303904789865
117.599999999998	78.9577996498182	35.5917319208924
117.699999999998	79.1526579132595	35.6531256007794
117.799999999998	79.3478426710445	35.7145715186474
117.899999999998	79.5433542060222	35.7760696744966
117.999999999998	79.7391928010418	35.8376200683268
118.099999999998	79.9353587389522	35.8992227001381
118.199999999998	80.1318523026027	35.9608775699304
118.299999999998	80.3286737748421	36.0225846777039
118.399999999998	80.5258234385196	36.0843440234584
118.499999999998	80.7233015764842	36.146155607194
118.599999999998	80.921108471585	36.2080194289107
118.699999999998	81.119244406671	36.2699354886084
118.799999999998	81.3177096645914	36.3319037862872
118.899999999998	81.5165045281952	36.3939243219471
118.999999999998	81.7156292803314	36.4559970955881
119.099999999998	81.915084203849	36.5181221072102
119.199999999998	82.1148695815973	36.5802993568133
119.299999999997	82.3149856964252	36.6425288443975
119.399999999997	82.5154328311817	36.7048105699628
119.499999999997	82.7162112687161	36.7671445335092
119.599999999997	82.9173212918772	36.8295307350366
119.699999999997	83.1187631835141	36.8919691745451
119.799999999997	83.3205372264761	36.9544598520347
119.899999999997	83.522643703612	37.0170027675054
119.999999999997	83.7250828977709	37.0795979209571
120.099999999997	83.927855091802	37.1422453123899
120.199999999997	84.1309605685542	37.2049449418038
120.299999999997	84.3343996108767	37.2676968091988
120.399999999997	84.5381725016185	37.3305009145749
120.499999999997	84.7422795236286	37.393357257932
120.599999999997	84.9467209597562	37.4562658392702
120.699999999997	85.1514970928502	37.5192266585895
120.799999999997	85.3566082057598	37.5822397158898
120.899999999997	85.562054581334	37.6453050111713
120.999999999997	85.7678365024218	37.7084225444338
121.099999999997	85.9739542518724	37.7715923156773
121.199999999997	86.1804081125348	37.834814324902
121.299999999997	86.387198367258	37.8980885721077
121.399999999997	86.5943252988912	37.9614150572946
121.499999999997	86.8017891902833	38.0247937804624
121.599999999997	87.0095903242834	38.0882247416114
121.699999999997	87.2177289837406	38.1517079407414
121.799999999997	87.426205451504	38.2152433778526
121.899999999997	87.6350200104227	38.2788310529448
121.999999999997	87.8441729433456	38.342470966018
122.099999999997	88.0536645331218	38.4061631170724
122.199999999997	88.2634950626004	38.4699075061078
122.299999999997	88.4736648146305	38.5337041331243
122.399999999997	88.6841740720611	38.5975529981219
122.499999999997	88.8950231177413	38.6614541011005
122.599999999997	89.1062122345202	38.7254074420603
122.699999999997	89.3177417052468	38.7894130210011
122.799999999997	89.5296118127701	38.853470837923
122.899999999997	89.7418228399393	38.9175808928259
122.999999999997	89.9543750696034	38.98174318571
123.099999999997	90.1672687846114	39.0459577165751
123.199999999997	90.3805042678124	39.1102244854213
123.299999999997	90.5940818020555	39.1745434922485
123.399999999997	90.8080016701898	39.2389147370569
123.499999999997	91.0222641550642	39.3033382198463
123.599999999997	91.2368695395279	39.3678139406168
123.699999999997	91.45181810643	39.4323418993683
123.799999999997	91.6671101386194	39.496922096101
123.899999999997	91.8827459189453	39.5615545308147
123.999999999997	92.0987257302566	39.6262392035095
124.099999999997	92.3150498554026	39.6909761141854
124.199999999997	92.5317185772322	39.7557652628423
124.299999999997	92.7487321785944	39.8206066494804
124.399999999997	92.9660909423385	39.8855002740995
124.499999999997	93.1837951513133	39.9504461366997
124.599999999997	93.401845088368	40.0154442372809
124.699999999997	93.6202410363516	40.0804945758433
124.799999999997	93.8389832781133	40.1455971523867
124.899999999997	94.058072096502	40.2107519669112
124.999999999997	94.2775077743668	40.2759590194167
125.099999999997	94.4972905945568	40.3412183099034
125.199999999997	94.7174208399211	40.4065298383711
125.299999999997	94.9378987933086	40.4718936048199
125.399999999997	95.1587247375685	40.5373096092497
125.499999999997	95.3798989555499	40.6027778516607
125.599999999997	95.6014217301017	40.6682983320527
125.699999999997	95.8232933440731	40.7338710504258
125.799999999997	96.0455140803131	40.79949600678
125.899999999997	96.2680842216708	40.8651732011152
125.999999999997	96.4910040509952	40.9309026334316
126.099999999997	96.7142738511354	40.996684303729
126.199999999997	96.9378939049405	41.0625182120075
126.299999999997	97.1618644952595	41.128404358267
126.399999999997	97.3861859049414	41.1943427425076
126.499999999997	97.6108584168354	41.2603333647294
126.599999999997	97.8358823137905	41.3263762249321
126.699999999997	98.0612578786558	41.392471323116
126.799999999997	98.2869853942803	41.458618659281
126.899999999997	98.5130651435131	41.524818233427
126.999999999997	98.7394974092032	41.5910700455541
127.099999999997	98.9662824741998	41.6573740956622
127.199999999997	99.1934206213518	41.7237303837515
127.299999999997	99.4209121335083	41.7901389098218
127.399999999997	99.6487572935185	41.8565996738732
127.499999999997	99.8769563842313	41.9231126759057
127.599999999997	100.105509688496	41.9896779159192
127.699999999997	100.334417489161	42.0562953939138
127.799999999997	100.563680069076	42.1229651098895
127.899999999997	100.79329771109	42.1896870638463
127.999999999997	101.023270698052	42.2564612557842
128.099999999997	101.253599312811	42.3232876857031
128.199999999997	101.484283838216	42.3901663536031
128.299999999997	101.715324557117	42.4570972594842
128.399999999997	101.946721752361	42.5240804033464
128.499999999997	102.178475706799	42.5911157851896
128.599999999997	102.410586703279	42.6582034050139
128.699999999997	102.64305502465	42.7253432628193
128.799999999997	102.875880953762	42.7925353586058
128.899999999997	103.109064773464	42.8597796923734
128.999999999997	103.342606766604	42.927076264122
129.099999999997	103.576507216031	42.9944250738517
129.199999999997	103.810766404596	43.0618261215624
129.299999999997	104.045384615146	43.1292794072543
129.399999999997	104.280362130531	43.1967849309272
129.499999999997	104.515699233599	43.2643426925812
129.599999999997	104.751396207201	43.3319526922163
129.699999999997	104.987453334185	43.3996149298325
129.799999999997	105.2238708974	43.4673294054297
129.899999999997	105.460649179695	43.535096119008
129.999999999997	105.697788463919	43.6029150705674
130.099999999997	105.935289032921	43.6707862601079
130.199999999997	106.173151169551	43.7387096876294
130.299999999997	106.411375156657	43.806685353132
130.399999999997	106.649961277088	43.8747132566157
130.499999999997	106.888909813694	43.9427933980805
130.599999999997	107.128221049324	44.0109257775263
130.699999999997	107.367895266826	44.0791103949532
130.799999999997	107.60793274905	44.1473472503612
130.899999999997	107.848333778844	44.2156363437503
130.999999999997	108.089098639059	44.2839776751205
131.099999999997	108.330227612542	44.3523712444717
131.199999999997	108.571720982143	44.420817051804
131.299999999997	108.813579030711	44.4893150971174
131.399999999997	109.055802041096	44.5578653804118
131.499999999997	109.298390296145	44.6264679016873
131.599999999997	109.541344078708	44.695122660944
131.699999999997	109.784663671635	44.7638296581816
131.799999999997	110.028349357774	44.8325888934004
131.899999999997	110.272401419975	44.9014003666002
131.999999999997	110.516820141085	44.9702640777812
132.099999999997	110.761605803956	45.0391800269431
132.199999999997	111.006758691435	45.1081482140862
132.299999999997	111.252279086371	45.1771686392104
132.399999999997	111.498167271614	45.2462413023156
132.499999999997	111.744423530013	45.3153662034019
132.599999999997	111.991048144416	45.3845433424693
132.699999999997	112.238041397674	45.4537727195177
132.799999999997	112.485403572634	45.5230543345472
132.899999999997	112.733134952147	45.5923881875578
132.999999999997	112.98123581906	45.6617742785495
133.099999999997	113.229706456223	45.7312126075223
133.199999999997	113.478547146486	45.8007031744761
133.299999999997	113.727758172697	45.870245979411
133.399999999997	113.977339817705	45.939841022327
133.499999999997	114.227292364359	46.009488303224
133.599999999997	114.477616095509	46.0791878221022
133.699999999997	114.728311294003	46.1489395789614
133.799999999997	114.979378242691	46.2187435738017
133.899999999997	115.230817224422	46.288599806623
133.999999999997	115.482628522044	46.3585082774255
134.099999999997	115.734812418406	46.428468986209
134.199999999997	115.987369196359	46.4984819329736
134.299999999997	116.24029913875	46.5685471177193
134.399999999997	116.493602528429	46.638664540446
134.499999999997	116.747279648246	46.7088342011538
134.599999999997	117.001330781048	46.7790560998427
134.699999999997	117.255756209685	46.8493302365127
134.799999999997	117.510556217006	46.9196566111638
134.899999999997	117.765731085861	46.9900352237959
134.999999999997	118.021281099098	47.0604660744091
135.099999999997	118.277206539566	47.1309491630034
135.199999999997	118.533507690115	47.2014844895788
135.299999999997	118.790184833593	47.2720720541352
135.399999999997	119.047238252849	47.3427118566727
135.499999999997	119.304668230733	47.4134038971913
135.599999999997	119.562475050094	47.484148175691
135.699999999997	119.82065899378	47.5549446921717
135.799999999997	120.079220344641	47.6257934466335
135.899999999997	120.338159385526	47.6966944390764
135.999999999997	120.597476399284	47.7676476695004
136.099999999997	120.857171668764	47.8386531379054
136.199999999997	121.117245476815	47.9097108442916
136.299999999997	121.377698106285	47.9808207886588
136.399999999997	121.638529840025	48.051982971007
136.499999999997	121.899740960883	48.1231973913364
136.599999999997	122.161331751709	48.1944640496468
136.699999999997	122.42330249535	48.2657829459383
136.799999999997	122.685653474657	48.3371540802109
136.899999999997	122.948384972479	48.4085774524646
136.999999999997	123.211497271664	48.4800530626993
137.099999999996	123.474990655061	48.5515809109151
137.199999999996	123.73886540552	48.623160997112
137.299999999996	124.00312180589	48.69479332129
137.399999999996	124.267760139019	48.766477883449
137.499999999996	124.532780687758	48.8382146835891
137.599999999996	124.798183734954	48.9100037217103
137.699999999996	125.063969563457	48.9818449978126
137.799999999996	125.330138456116	49.0537385118959
137.899999999996	125.59669069578	49.1256842639604
137.999999999996	125.863626565298	49.1976822540058
138.099999999996	126.130946347519	49.2697324820324
138.199999999996	126.398650325293	49.3418349480401
138.299999999996	126.666738781467	49.4139896520288
138.399999999996	126.935211998893	49.4861965939986
138.499999999996	127.204070260417	49.5584557739495
138.599999999996	127.47331384889	49.6307671918815
138.699999999996	127.742943047161	49.7031308477945
138.799999999996	128.012958138078	49.7755467416886
138.899999999996	128.283359404491	49.8480148735638
138.999999999996	128.554147129248	49.9205352434201
139.099999999996	128.825321595199	49.9931078512574
139.199999999996	129.096883085194	50.0657326970758
139.299999999996	129.36883188208	50.1384097808753
139.399999999996	129.641168268706	50.2111391026559
139.499999999996	129.913892527923	50.2839206624175
139.599999999996	130.18700494258	50.3567544601602
139.699999999996	130.460505795524	50.429640495884
139.799999999996	130.734395369605	50.5025787695889
139.899999999996	131.008673947673	50.5755692812749
139.999999999996	131.283341812576	50.6486120309419
140.099999999996	131.558399247163	50.72170701859
140.199999999996	131.833846534284	50.7948542442192
140.299999999996	132.109683956787	50.8680537078294
140.399999999996	132.385911797522	50.9413054094208
140.499999999996	132.662530339338	51.0146093489932
140.599999999996	132.939539865083	51.0879655265467
140.699999999996	133.216940657607	51.1613739420812
140.799999999996	133.494732999759	51.2348345955969
140.899999999996	133.772917174388	51.3083474870936
140.999999999996	134.051493464342	51.3819126165714
141.099999999996	134.330462152472	51.4555299840302
141.199999999996	134.609823521626	51.5291995894702
141.299999999996	134.889577854653	51.6029214328912
141.399999999996	135.169725434402	51.6766955142933
141.499999999996	135.450266543722	51.7505218336765
141.599999999996	135.731201465463	51.8244003910407
141.699999999996	136.012530482472	51.8983311863861
141.799999999996	136.294253877601	51.9723142197125
141.899999999996	136.576371933697	52.0463494910199
141.999999999996	136.858884933609	52.1204370003085
142.099999999996	137.141793160187	52.1945767475781
142.199999999996	137.42509689628	52.2687687328289
142.299999999996	137.708796424736	52.3430129560606
142.399999999996	137.992892028406	52.4173094172735
142.499999999996	138.277383990137	52.4916581164674
142.599999999996	138.562272592779	52.5660590536424
142.699999999996	138.847558119181	52.6405122287985
142.799999999996	139.133240852192	52.7150176419357
142.899999999996	139.419321074661	52.789575293054
142.999999999996	139.705799069437	52.8641851821533
143.099999999996	139.99267511937	52.9388473092337
143.199999999996	140.279949507308	53.0135616742951
143.299999999996	140.5676225161	53.0883282773377
143.399999999996	140.855694428596	53.1631471183613
143.499999999996	141.144165527644	53.238018197366
143.599999999996	141.433036096094	53.3129415143518
143.699999999996	141.722306416794	53.3879170693187
143.799999999996	142.011976772594	53.4629448622666
143.899999999996	142.302047446342	53.5380248931956
143.999999999996	142.592518720889	53.6131571621057
144.099999999996	142.883390879082	53.6883416689968
144.199999999996	143.174664203771	53.7635784138691
144.299999999996	143.466338977805	53.8388673967224
144.399999999996	143.758415484033	53.9142086175568
144.499999999996	144.050894005305	53.9896020763723
144.599999999996	144.343774824468	54.0650477731688
144.699999999996	144.637058224373	54.1405457079464
144.799999999996	144.930744487867	54.2160958807051
144.899999999996	145.224833897802	54.2916982914449
144.999999999996	145.519326737024	54.3673529401657
145.099999999996	145.814223288384	54.4430598268677
145.199999999996	146.109523834731	54.5188189515507
145.299999999996	146.405228658913	54.5946303142147
145.399999999996	146.70133804378	54.6704939148599
145.499999999996	146.99785227218	54.7464097534861
145.599999999996	147.294771626964	54.8223778300934
145.699999999996	147.592096390979	54.8983981446818
145.799999999996	147.889826847075	54.9744706972513
145.899999999996	148.187963278101	55.0505954878018
145.999999999996	148.486505966905	55.1267725163334
146.099999999996	148.785455196338	55.2030017828461
146.199999999996	149.084811249249	55.2792832873399
146.299999999996	149.384574408485	55.3556170298147
146.399999999996	149.684744956896	55.4320030102706
146.499999999996	149.985323177332	55.5084412287076
146.599999999996	150.286309352642	55.5849316851257
146.699999999996	150.587703765673	55.6614743795249
146.799999999996	150.889506699277	55.7380693119051
146.899999999996	151.1917184363	55.8147164822664
146.999999999996	151.494339259594	55.8914158906088
147.099999999996	151.797369452006	55.9681675369322
147.199999999996	152.100809296386	56.0449714212368
147.299999999996	152.404659075582	56.1218275435224
147.399999999996	152.708919072445	56.198735903789
147.499999999996	153.013589569822	56.2756965020368
147.599999999996	153.318670850564	56.3527093382656
147.699999999996	153.624163197518	56.4297744124756
147.799999999996	153.930066893535	56.5068917246665
147.899999999996	154.236382221462	56.5840612748386
147.999999999996	154.54310946415	56.6612830629917
148.099999999996	154.850248904448	56.738557089126
148.199999999996	155.157800825203	56.8158833532413
148.299999999996	155.465765509266	56.8932618553376
148.399999999996	155.774143239486	56.9706925954151
148.499999999996	156.082934298711	57.0481755734736
148.599999999996	156.392138969791	57.1257107895132
148.699999999996	156.701757535574	57.2032982435339
148.799999999996	157.01179027891	57.2809379355356
148.899999999996	157.322237482648	57.3586298655185
148.999999999996	157.633099429637	57.4363740334824
149.099999999996	157.944376402726	57.5141704394274
149.199999999996	158.256068684763	57.5920190833534
149.299999999996	158.568176558599	57.6699199652605
149.399999999996	158.880700307082	57.7478730851488
149.499999999996	159.19364021306	57.825878443018
149.599999999996	159.506996559385	57.9039360388684
149.699999999996	159.820769628903	57.9820458726999
149.799999999996	160.134959704465	58.0602079445124
149.899999999996	160.449567068919	58.138422254306
149.999999999996	160.764592005114	58.2166888020806
150.099999999996	161.080034795901	58.2950075878364
150.199999999996	161.395895724126	58.3733786115732
150.299999999996	161.712175072641	58.4518018732911
150.399999999996	162.028873124293	58.5302773729901
150.499999999996	162.345990161932	58.6088051106701
150.599999999996	162.663526468406	58.6873850863313
150.699999999996	162.981482326566	58.7660172999735
150.799999999996	163.299858019259	58.8447017515967
150.899999999996	163.618653829336	58.9234384412011
150.999999999996	163.937870039645	59.0022273687865
151.099999999996	164.257506933034	59.0810685343531
151.199999999996	164.577564792354	59.1599619379006
151.299999999996	164.898043900454	59.2389075794293
151.399999999996	165.218944540181	59.3179054589391
151.499999999996	165.540266994386	59.3969555764299
151.599999999996	165.862011545917	59.4760579319018
151.699999999996	166.184178477624	59.5552125253547
151.799999999996	166.506768072356	59.6344193567888
151.899999999996	166.829780612961	59.7136784262039
151.999999999996	167.153216382289	59.7929897336001
152.099999999996	167.477075663188	59.8723532789774
152.199999999996	167.801358738509	59.9517690623357
152.299999999996	168.126065891099	60.0312370836752
152.399999999996	168.451197403808	60.1107573429957
152.499999999996	168.776753559485	60.1903298402972
152.599999999996	169.102734640979	60.2699545755799
152.699999999996	169.42914093114	60.3496315488436
152.799999999996	169.755972712815	60.4293607600884
152.899999999996	170.083230268855	60.5091422093143
152.999999999996	170.410913882108	60.5889758965213
153.099999999996	170.739023835423	60.6688618217093
153.199999999996	171.06756041165	60.7487999848785
153.299999999996	171.396523893638	60.8287903860286
153.399999999996	171.725914564235	60.9088330251599
153.499999999996	172.05573270629	60.9889279022723
153.599999999996	172.385978602653	61.0690750173657
153.699999999996	172.716652536173	61.1492743704402
153.799999999996	173.047754789699	61.2295259614957
153.899999999996	173.379285646079	61.3098297905324
153.999999999996	173.711245388164	61.3901858575501
154.099999999996	174.043634298801	61.4705941625489
154.199999999996	174.376452660841	61.5510547055288
154.299999999996	174.709700757132	61.6315674864898
154.399999999996	175.043378870522	61.7121325054318
154.499999999996	175.377487283862	61.7927497623549
154.599999999996	175.712026280001	61.8734192572591
154.699999999995	176.046996141786	61.9541409901444
154.799999999995	176.382397152068	62.0349149610107
154.899999999995	176.718229593696	62.1157411698581
154.999999999995	177.054493749518	62.1966196166866
155.099999999995	177.391189902384	62.2775503014962
155.199999999995	177.728318335142	62.3585332242868
155.299999999995	178.065879330642	62.4395683850585
155.399999999995	178.403873171733	62.5206557838113
155.499999999995	178.742300141263	62.6017954205452
155.599999999995	179.081160522083	62.6829872952602
155.699999999995	179.420454597041	62.7642314079562
155.799999999995	179.760182648985	62.8455277586333
155.899999999995	180.100344960766	62.9268763472915
155.999999999995	180.440941815231	63.0082771739307
156.099999999995	180.781973495231	63.089730238551
156.199999999995	181.123440283615	63.1712355411525
156.299999999995	181.46534246323	63.2527930817349
156.399999999995	181.807680316927	63.3344028602985
156.499999999995	182.150454127555	63.4160648768431
156.599999999995	182.493664177961	63.4977791313689
156.699999999995	182.837310750997	63.5795456238757
156.799999999995	183.18139412951	63.6613643543635
156.899999999995	183.52591459635	63.7432353228325
156.999999999995	183.870872434366	63.8251585292825
157.099999999995	184.216267926406	63.9071339737136
157.199999999995	184.56210135532	63.9891616561258
157.299999999995	184.908373003958	64.071241576519
157.399999999995	185.255083155167	64.1533737348933
157.499999999995	185.602232091797	64.2355581312487
157.599999999995	185.949820096698	64.3177947655852
157.699999999995	186.297847452717	64.4000836379028
157.799999999995	186.646314442705	64.4824247482014
157.899999999995	186.99522134951	64.5648180964811
157.999999999995	187.344568455982	64.6472636827419
158.099999999995	187.694356044969	64.7297615069837
158.199999999995	188.04458439932	64.8123115692067
158.299999999995	188.395253801885	64.8949138694107
158.399999999995	188.746364535513	64.9775684075958
158.499999999995	189.097916883053	65.0602751837619
158.599999999995	189.449911127353	65.1430341979092
158.699999999995	189.802347551262	65.2258454500375
158.799999999995	190.155226437631	65.3087089401469
158.899999999995	190.508548069308	65.3916246682374
158.999999999995	190.862312729142	65.4745926343089
159.099999999995	191.216520699981	65.5576128383615
159.199999999995	191.571172264676	65.6406852803953
159.299999999995	191.926267706075	65.72380996041
159.399999999995	192.281807307027	65.8069868784059
159.499999999995	192.637791350382	65.8902160343828
159.599999999995	192.994220118988	65.9734974283408
159.699999999995	193.351093895694	66.0568310602799
159.799999999995	193.70841296335	66.1402169302001
159.899999999995	194.066177604804	66.2236550381013
159.999999999995	194.424388102906	66.3071453839836
160.099999999995	194.783044740505	66.390687967847
160.199999999995	195.142147800449	66.4742827896915
160.299999999995	195.501697565588	66.557929849517
160.399999999995	195.861694318771	66.6416291473236
160.499999999995	196.222138342847	66.7253806831113
160.599999999995	196.583029920665	66.8091844568801
160.699999999995	196.944369335074	66.8930404686299
160.799999999995	197.306156868923	66.9769487183609
160.899999999995	197.668392805061	67.0609092060729
160.999999999995	198.031077426337	67.1449219317659
161.099999999995	198.394211015601	67.2289868954401
161.199999999995	198.757793855701	67.3131040970953
161.299999999995	199.121826229486	67.3972735367316
161.399999999995	199.486308419806	67.481495214349
161.499999999995	199.851240709509	67.5657691299475
161.599999999995	200.216623381445	67.650095283527
161.699999999995	200.582456718463	67.7344736750876
161.799999999995	200.948741003411	67.8189043046293
161.899999999995	201.315476519139	67.9033871721521
161.999999999995	201.682663548496	67.9879222776559
162.099999999995	202.050302374331	68.0725096211408
162.199999999995	202.418393279492	68.1571492026068
162.299999999995	202.78693654683	68.2418410220539
162.399999999995	203.155932459193	68.3265850794821
162.499999999995	203.52538129943	68.4113813748913
162.599999999995	203.89528335039	68.4962299082816
162.699999999995	204.265638894922	68.5811306796529
162.799999999995	204.636448215876	68.6660836890054
162.899999999995	205.0077115961	68.7510889363389
162.999999999995	205.379429318443	68.8361464216535
163.099999999995	205.751601665755	68.9212561449492
163.199999999995	206.124228920885	69.006418106226
163.299999999995	206.497311366681	69.0916323054838
163.399999999995	206.870849285993	69.1768987427227
163.499999999995	207.24484296167	69.2622174179427
163.599999999995	207.61929267656	69.3475883311438
163.699999999995	207.994198713513	69.4330114823259
163.799999999995	208.369561355379	69.5184868714891
163.899999999995	208.745380885005	69.6040144986334
163.999999999995	209.121657585241	69.6895943637588
164.099999999995	209.498391738937	69.7752264668652
164.199999999995	209.87558362894	69.8609108079528
164.299999999995	210.253233538101	69.9466473870214
164.399999999995	210.631341749268	70.032436204071
164.499999999995	211.009908545291	70.1182772591018
164.599999999995	211.388934209018	70.2041705521136
164.699999999995	211.768419023298	70.2901160831065
164.799999999995	212.148363270981	70.3761138520805
164.899999999995	212.528767234916	70.4621638590356
164.999999999995	212.909631197951	70.5482661039717
165.099999999995	213.290955442936	70.6344205868889
165.199999999995	213.67274025272	70.7206273077872
165.299999999995	214.054985910151	70.8068862666666
165.399999999995	214.43769269808	70.893197463527
165.499999999995	214.820860899354	70.9795608983685
165.599999999995	215.204490796824	71.0659765711911
165.699999999995	215.588582673338	71.1524444819948
165.799999999995	215.973136811744	71.2389646307795
165.899999999995	216.358153494893	71.3255370175453
165.999999999995	216.743633005634	71.4121616422922
166.099999999995	217.129575626814	71.4988385050202
166.199999999995	217.515981641284	71.5855676057293
166.299999999995	217.902851331893	71.6723489444194
166.399999999995	218.290184981489	71.7591825210906
166.499999999995	218.677982872922	71.8460683357429
166.599999999995	219.06624528904	71.9330063883762
166.699999999995	219.454972512693	72.0199966789907
166.799999999995	219.84416482673	72.1070392075862
166.899999999995	220.233822513999	72.1941339741628
166.999999999995	220.623945857351	72.2812809787204
167.099999999995	221.014535139633	72.3684802212592
167.199999999995	221.405590643696	72.455731701779
167.299999999995	221.797112652388	72.5430354202799
167.399999999995	222.189101448557	72.6303913767618
167.499999999995	222.581557315054	72.7177995712249
167.599999999995	222.974480534727	72.805260003669
167.699999999995	223.367871390426	72.8927726740942
167.799999999995	223.761730164999	72.9803375825005
167.899999999995	224.156057141295	73.0679547288878
167.999999999995	224.550852602164	73.1556241132563
168.099999999995	224.946116830454	73.2433457356058
168.199999999995	225.341850109016	73.3311195959363
168.299999999995	225.738052720696	73.418945694248
168.399999999995	226.134724948346	73.5068240305407
168.499999999995	226.531867074813	73.5947546048145
168.599999999995	226.929479382947	73.6827374170694
168.699999999995	227.327562155598	73.7707724673054
168.799999999995	227.726115675613	73.8588597555224
168.899999999995	228.125140225842	73.9469992817205
168.999999999995	228.524636089134	74.0351910458997
169.099999999995	228.924603548339	74.12343504806
169.199999999995	229.325042886305	74.2117312882013
169.299999999995	229.725954385881	74.3000797663238
169.399999999995	230.127338329916	74.3884804824273
169.499999999995	230.52919500126	74.4769334365118
169.599999999995	230.931524682762	74.5654386285775
169.699999999995	231.33432765727	74.6539960586242
169.799999999995	231.737604207633	74.742605726652
169.899999999995	232.141354616701	74.8312676326609
169.999999999995	232.545579167323	74.9199817766508
170.099999999995	232.950278142348	75.0087481586219
170.199999999995	233.355451824625	75.097566778574
170.299999999995	233.761100497002	75.1864376365072
170.399999999995	234.16722444233	75.2753607324214
170.499999999995	234.573823943456	75.3643360663168
170.599999999995	234.980899283231	75.4533636381932
170.699999999995	235.388450744503	75.5424434480507
170.799999999995	235.796478610121	75.6315754958892
170.899999999995	236.204983162934	75.7207597817089
170.999999999995	236.613964685792	75.8099963055096
171.099999999995	237.023423461543	75.8992850672914
171.199999999995	237.433359773037	75.9886260670543
171.299999999995	237.843773903122	76.0780193047982
171.399999999995	238.254666134648	76.1674647805232
171.499999999995	238.666036750463	76.2569624942293
171.599999999995	239.077886033417	76.3465124459165
171.699999999995	239.490214266359	76.4361146355848
171.799999999995	239.903021732138	76.5257690632341
171.899999999995	240.316308713603	76.6154757288645
171.999999999995	240.730075493602	76.705234632476
172.099999999995	241.144322354986	76.7950457740686
172.199999999995	241.559049580603	76.8849091536422
172.299999999994	241.974257453302	76.9748247711969
172.399999999994	242.389946255932	77.0647926267327
172.499999999994	242.806116271342	77.1548127202496
172.599999999994	243.222767782382	77.2448850517475
172.699999999994	243.6399010719	77.3350096212265
172.799999999994	244.057516422746	77.4251864286866
172.899999999994	244.475614117768	77.5154154741278
172.999999999994	244.894194439815	77.60569675755
173.099999999994	245.313257671738	77.6960302789534
173.199999999994	245.732804096384	77.7864160383378
173.299999999994	246.152833996602	77.8768540357032
173.399999999994	246.573347655243	77.9673442710498
173.499999999994	246.994345355155	78.0578867443774
173.599999999994	247.415827379186	78.1484814556861
173.699999999994	247.837794010186	78.2391284049759
173.799999999994	248.260245531005	78.3298275922468
173.899999999994	248.683182224491	78.4205790174987
173.999999999994	249.106604373492	78.5113826807317
174.099999999994	249.53051226086	78.6022385819458
174.199999999994	249.954906169441	78.693146721141
174.299999999994	250.379786382086	78.7841070983172
174.399999999994	250.805153181643	78.8751197134745
174.499999999994	251.231006850962	78.9661845666129
174.599999999994	251.657347672891	79.0573016577324
174.699999999994	252.08417593028	79.1484709868329
174.799999999994	252.511491905977	79.2396925539146
174.899999999994	252.939295882833	79.3309663589773
174.999999999994	253.367588143695	79.422292402021
175.099999999994	253.796368971413	79.5136706830459
175.199999999994	254.225638648836	79.6051012020518
175.299999999994	254.655397458813	79.6965839590388
175.399999999994	255.085645684193	79.7881189540069
175.499999999994	255.516383607825	79.8797061869561
175.599999999994	255.947611512558	79.9713456578863
175.699999999994	256.379329681242	80.0630373667976
175.799999999994	256.811538396724	80.15478131369
175.899999999994	257.244237941856	80.2465774985635
175.999999999994	257.677428599484	80.338425921418
176.099999999994	258.111110652459	80.4303265822536
176.199999999994	258.54528438363	80.5222794810703
176.299999999994	258.979950075845	80.6142846178681
176.399999999994	259.415108011954	80.7063419926469
176.499999999994	259.850758474806	80.7984516054069
176.599999999994	260.286901747249	80.8906134561479
176.699999999994	260.723538112133	80.9828275448699
176.799999999994	261.160667852307	81.0750938715731
176.899999999994	261.598291250621	81.1674124362573
176.999999999994	262.036408589922	81.2597832389226
177.099999999994	262.47502015306	81.352206279569
177.199999999994	262.914126222884	81.4446815581965
177.299999999994	263.353727082244	81.537209074805
177.399999999994	263.793823013988	81.6297888293946
177.499999999994	264.234414300965	81.7224208219653
177.599999999994	264.675501226025	81.8151050525171
177.699999999994	265.117084072016	81.9078415210499
177.799999999994	265.559163121788	82.0006302275638
177.899999999994	266.001738658189	82.0934711720588
177.999999999994	266.444810964069	82.1863643545349
178.099999999994	266.888380322276	82.279309774992
178.199999999994	267.332447015661	82.3723074334302
178.299999999994	267.777011327071	82.4653573298495
178.399999999994	268.222073539356	82.5584594642499
178.499999999994	268.667633935365	82.6516138366314
178.599999999994	269.113692797947	82.7448204469939
178.699999999994	269.560250409951	82.8380792953375
178.799999999994	270.007307054227	82.9313903816622
178.899999999994	270.454863013622	83.0247537059679
178.999999999994	270.902918570987	83.1181692682548
179.099999999994	271.35147400917	83.2116370685227
179.199999999994	271.80052961102	83.3051571067717
179.299999999994	272.250085659387	83.3987293830017
179.399999999994	272.70014243712	83.4923538972129
179.499999999994	273.150700227067	83.5860306494051
179.599999999994	273.601759312077	83.6797596395784
179.699999999994	274.053319975001	83.7735408677327
179.799999999994	274.505382498686	83.8673743338682
179.899999999994	274.957947165982	83.9612600379847
179.999999999994	275.411014259737	84.0551979800823
180.099999999994	275.864584062802	84.149188160161
180.199999999994	276.318656858025	84.2432305782207
180.299999999994	276.773232928254	84.3373252342616
180.399999999994	277.22831255634	84.4314721282835
180.499999999994	277.683896025131	84.5256712602864
180.599999999994	278.139983617477	84.6199226302705
180.699999999994	278.596575616225	84.7142262382356
180.799999999994	279.053672304226	84.8085820841818
180.899999999994	279.511273964328	84.9029901681091
180.999999999994	279.969380879381	84.9974504900175
181.099999999994	280.427993332234	85.0919630499069
181.199999999994	280.887111605735	85.1865278477774
181.299999999994	281.346735982733	85.281144883629
181.399999999994	281.806866746079	85.3758141574617
181.499999999994	282.26750417862	85.4705356692754
181.599999999994	282.728648563206	85.5653094190702
181.699999999994	283.190300182686	85.6601354068462
181.799999999994	283.652459319909	85.7550136326031
181.899999999994	284.115126257724	85.8499440963412
181.999999999994	284.57830127898	85.9449267980603
182.099999999994	285.041984666527	86.0399617377605
182.199999999994	285.506176703212	86.1350489154418
182.299999999994	285.970877671886	86.2301883311041
182.399999999994	286.436087855397	86.3253799847476
182.499999999994	286.901807536595	86.4206238763721
182.599999999994	287.368036998328	86.5159200059777
182.699999999994	287.834776523445	86.6112683735643
182.799999999994	288.302026394797	86.7066689791321
182.899999999994	288.76978689523	86.8021218226809
182.999999999994	289.238058307596	86.8976269042108
183.099999999994	289.706840914742	86.9931842237217
183.199999999994	290.176134999518	87.0887937812138
183.299999999994	290.645940844773	87.1844555766869
183.399999999994	291.116258733357	87.2801696101411
183.499999999994	291.587088948117	87.3759358815764
183.599999999994	292.058431771903	87.4717543909927
183.699999999994	292.530287487564	87.5676251383901
183.799999999994	293.00265637795	87.6635481237686
183.899999999994	293.475538725908	87.7595233471282
183.999999999994	293.948934814289	87.8555508084689
184.099999999994	294.422844925942	87.9516305077906
184.199999999994	294.897269343715	88.0477624450934
184.299999999994	295.372208350457	88.1439466203773
184.399999999994	295.847662229018	88.2401830336423
184.499999999994	296.323631262247	88.3364716848883
184.599999999994	296.800115732992	88.4328125741154
184.699999999994	297.277115924103	88.5292057013236
184.799999999994	297.754632118429	88.6256510665129
184.899999999994	298.232664598819	88.7221486696832
184.999999999994	298.711213648122	88.8186985108346
185.099999999994	299.190279549187	88.9153005899671
185.199999999994	299.669862584862	89.0119549070807
185.299999999994	300.149963037998	89.1086614621753
185.399999999994	300.630581191444	89.2054202552511
185.499999999994	301.111717328047	89.3022312863079
185.599999999994	301.593371730658	89.3990945553457
185.699999999994	302.075544682125	89.4960100623647
185.799999999994	302.558236465297	89.5929778073647
185.899999999994	303.041447363024	89.6899977903458
185.999999999994	303.525177658155	89.787070011308
186.099999999994	304.009427633538	89.8841944702513
186.199999999994	304.494197572023	89.9813711671756
186.299999999994	304.979487756459	90.078600102081
186.399999999994	305.465298469694	90.1758812749675
186.499999999994	305.951629994578	90.2732146858351
186.599999999994	306.438482613961	90.3706003346837
186.699999999994	306.92585661069	90.4680382215135
186.799999999994	307.413752267615	90.5655283463242
186.899999999994	307.902169867585	90.6630707091161
186.999999999994	308.39110969345	90.760665309889
187.099999999994	308.880572028058	90.8583121486431
187.199999999994	309.370557154258	90.9560112253782
187.299999999994	309.861065354899	91.0537625400944
187.399999999994	310.352096912831	91.1515660927916
187.499999999994	310.843652110902	91.2494218834699
187.599999999994	311.335731231962	91.3473299121293
187.699999999994	311.82833455886	91.4452901787698
187.799999999994	312.321462374444	91.5433026833914
187.899999999994	312.815114961564	91.641367425994
187.999999999994	313.309292603068	91.7394844065777
188.099999999994	313.803995581807	91.8376536251425
188.199999999994	314.299224180628	91.9358750816884
188.299999999994	314.794978682381	92.0341487762153
188.399999999994	315.291259369916	92.1324747087233
188.499999999994	315.78806652608	92.2308528792124
188.599999999994	316.285400433724	92.3292832876826
188.699999999994	316.783261375696	92.4277659341338
188.799999999994	317.281649634845	92.5263008185662
188.899999999994	317.78056549402	92.6248879409796
188.999999999994	318.280009236071	92.723527301374
189.099999999994	318.779981143846	92.8222188997496
189.199999999994	319.280481500195	92.9209627361062
189.299999999994	319.781510587967	93.0197588104439
189.399999999994	320.28306869001	93.1186071227627
189.499999999994	320.785156089173	93.2175076730626
189.599999999994	321.287773068307	93.3164604613435
189.699999999994	321.790919910259	93.4154654876055
189.799999999994	322.29459689788	93.5145227518486
189.899999999993	322.798804314017	93.6136322540728
189.999999999993	323.30354244152	93.712793994278
190.099999999993	323.808811563238	93.8120079724643
190.199999999993	324.314611962021	93.9112741886317
190.299999999993	324.820943920716	94.0105926427802
190.399999999993	325.327807722174	94.1099633349097
190.499999999993	325.835203649244	94.2093862650204
190.599999999993	326.343131984773	94.308861433112
190.699999999993	326.851593011612	94.4083888391848
190.799999999993	327.36058701261	94.5079684832387
190.899999999993	327.870114270615	94.6076003652736
190.999999999993	328.380175068476	94.7072844852896
191.099999999993	328.890769689044	94.8070208432867
191.199999999993	329.401898415166	94.9068094392648
191.299999999993	329.913561529692	95.0066502732241
191.399999999993	330.425759315471	95.1065433451644
191.499999999993	330.938492055352	95.2064886550858
191.599999999993	331.451760032183	95.3064862029882
191.699999999993	331.965563528815	95.4065359888718
191.799999999993	332.479902828096	95.5066380127364
191.899999999993	332.994778212875	95.6067922745821
191.999999999993	333.510189966002	95.7069987744089
192.099999999993	334.026138370324	95.8072575122167
192.199999999993	334.542623708692	95.9075684880056
192.299999999993	335.059646263955	96.0079317017756
192.399999999993	335.577206318961	96.1083471535267
192.499999999993	336.095304156559	96.2088148432588
192.599999999993	336.613940059599	96.3093347709721
192.699999999993	337.13311431093	96.4099069366664
192.799999999993	337.652827193401	96.5105313403417
192.899999999993	338.17307898986	96.6112079819982
192.999999999993	338.693869983157	96.7119368616357
193.099999999993	339.215200456141	96.8127179792543
193.199999999993	339.737070691661	96.913551334854
193.299999999993	340.259480972566	97.0144369284348
193.399999999993	340.782431581705	97.1153747599966
193.499999999993	341.305922801928	97.2163648295395
193.599999999993	341.829954916082	97.3174071370635
193.699999999993	342.354528207018	97.4185016825686
193.799999999993	342.879642957584	97.5196484660547
193.899999999993	343.40529945063	97.620847487522
193.999999999993	343.931497969004	97.7220987469703
194.099999999993	344.458238795555	97.8234022443996
194.199999999993	344.985522213133	97.9247579798101
194.299999999993	345.513348504587	98.0261659532016
194.399999999993	346.041717952766	98.1276261645742
194.499999999993	346.570630840518	98.2291386139279
194.599999999993	347.100087450693	98.3307033012626
194.699999999993	347.63008806614	98.4323202265785
194.799999999993	348.160632969708	98.5339893898754
194.899999999993	348.691722444246	98.6357107911534
194.999999999993	349.223356772604	98.7374844304124
195.099999999993	349.755536237629	98.8393103076526
195.199999999993	350.288261122171	98.9411884228738
195.299999999993	350.82153170908	99.0431187760761
195.399999999993	351.355348281204	99.1451013672594
195.499999999993	351.889711121392	99.2471361964239
195.599999999993	352.424620512494	99.3492232635694
195.699999999993	352.960076737359	99.451362568696
195.799999999993	353.496080078835	99.5535541118037
195.899999999993	354.032630819771	99.6557978928924
195.999999999993	354.569729243017	99.7580939119622
196.099999999993	355.107375631423	99.8604421690132
196.199999999993	355.645570267835	99.9628426640452
196.299999999993	356.184313435105	100.065295397058
196.399999999993	356.723605416081	100.167800368052
196.499999999993	357.263446493611	100.270357577028
196.599999999993	357.803836950546	100.372967023984
196.699999999993	358.344777069734	100.475628708921
196.799999999993	358.886267134024	100.57834263184
196.899999999993	359.428307426266	100.681108792739
196.999999999993	359.970898229307	100.78392719162
197.099999999993	360.514039825998	100.886797828481
197.199999999993	361.057732499187	100.989720703324
197.299999999993	361.601976531724	101.092695816148
197.399999999993	362.146772206458	101.195723166953
197.499999999993	362.692119806237	101.298802755739
197.599999999993	363.238019613911	101.401934582506
197.699999999993	363.784471912328	101.505118647254
197.799999999993	364.331476984339	101.608354949983
197.899999999993	364.879035112791	101.711643490693
197.999999999993	365.427146580534	101.814984269385
198.099999999993	365.975811670417	101.918377286057
198.199999999993	366.525030665289	102.021822540711
198.299999999993	367.074803847999	102.125320033345
198.399999999993	367.625131501397	102.228869763961
198.499999999993	368.17601390833	102.332471732558
198.599999999993	368.727451351649	102.436125939136
198.699999999993	369.279444114202	102.539832383694
198.799999999993	369.831992478839	102.643591066234
198.899999999993	370.385096728408	102.747401986755
198.999999999993	370.938757145759	102.851265145258
199.099999999993	371.49297401374	102.955180541741
199.199999999993	372.047747615201	103.059148176205
199.299999999993	372.603078232991	103.16316804865
199.399999999993	373.158966149958	103.267240159077
199.499999999993	373.715411648952	103.371364507484
199.599999999993	374.272415012823	103.475541093873
199.699999999993	374.829976524418	103.579769918243
199.799999999993	375.388096466587	103.684050980593
199.899999999993	375.946775122179	103.788384280925
199.999999999993	376.506012774044	103.892769819238
