2 0 0
3 0 0
4 0 0
5 0 0
6 0 0
7 0 0
8 0 0
9 0 0
10 0 0
11 0 0
12 0 0
13 0 0
14 0 0
15 0 0
16 0 0
17 0 0
18 0 0
19 0 0
20 0 0
21 0 0
22 0 0
23 0 1
24 1 1
25 1 1
26 1 1
27 1 5
28 1 1
29 1 1
30 1 1
31 1 1
32 2 2
33 2 8
34 2 2
35 2 2
36 2 2
37 3 2
38 3 2
39 3 7
40 4 2
41 4 3
42 4 3
43 4 3
44 5 3
45 6 9
46 5 3
47 5 9
48 6 4
49 8 4
50 7 4
51 7 4
52 8 4
53 8 4
54 9 11
55 8 5
56 10 5
57 10 5
58 10 19
59 12 5
60 11 12
61 13 6
62 14 13
63 13 14
64 14 24
65 15 7
66 16 7
67 16 15
68 17 15
69 17 8
70 19 8
71 20 17
72 21 9
73 21 9
74 22 17
75 24 17
76 23 10
77 25 10
78 25 22
79 26 10
80 28 10
81 31 20
82 29 20
83 29 21
84 31 21
85 31 23
86 33 32
87 33 17
88 38 13
89 37 13
90 43 13
91 41 33
92 36 33
93 38 15
94 42 25
95 41 25
96 41 15
97 42 26
98 45 48
99 49 21
100 45 17
101 51 17
102 54 28
103 58 50
104 53 18
105 56 18
106 57 18
107 59 19
108 65 42
109 65 20
110 66 32
111 66 21
112 69 33
113 67 22
114 77 22
115 76 27
116 77 47
117 78 35
118 75 23
119 78 36
120 82 36
121 85 24
122 85 40
123 90 51
124 93 39
125 103 52
126 104 40
127 98 28
128 94 27
129 108 55
130 102 28
131 108 29
132 112 43
133 107 58
134 117 58
135 125 44
136 111 108
137 127 62
138 121 61
139 129 61
140 127 32
141 135 77
142 139 47
143 137 64
144 139 49
145 153 34
146 144 52
147 147 37
148 161 52
149 154 53
150 155 60
151 172 53
152 160 54
153 163 39
154 175 41
155 186 56
156 170 87
157 180 74
158 190 90
159 195 90
160 203 59
161 200 43
162 199 91
163 203 94
164 210 44
165 215 79
166 224 96
167 209 63
168 218 46
169 249 117
170 241 47
171 233 85
172 255 49
173 229 103
174 240 50
175 269 123
176 255 70
177 263 71
178 259 79
179 266 72
180 276 73
181 270 90
182 281 93
183 291 75
184 308 98
185 298 75
186 304 58
187 317 60
188 307 118
189 319 97
190 305 120
191 326 137
192 351 120
193 327 102
194 372 102
195 340 63
196 337 65
197 351 64
198 389 126
199 365 138
200 376 86
