-4.9 -0.100388943004916 NaN 
-4.89 -0.0931387753395952 NaN 
-4.88 -0.0871600790098728 NaN 
-4.87 -0.0821618386922927 NaN 
-4.86 -0.077936306628688 NaN 
-4.85 -0.0743312536837002 NaN 
-4.84 -0.0712326267407007 NaN 
-4.83 -0.0685533275120124 NaN 
-4.82 -0.0662257322536819 NaN 
-4.81 -0.0641965741987501 NaN 
-4.8 -0.0624233618014345 NaN 
-4.79 -0.0608718209013212 NaN 
-4.78 -0.0595140350633718 NaN 
-4.77 -0.0583270716567428 NaN 
-4.76 -0.0572919520529727 NaN 
-4.75 -0.0563928696479199 NaN 
-4.74 -0.055616589047315 NaN 
-4.73 -0.05495197951348 NaN 
-4.72 -0.0543896491785889 NaN 
-4.71 -0.0539216557774503 NaN 
-4.7 -0.0535412761271209 NaN 
-4.69 -0.0532428211763755 NaN 
-4.68000000000001 -0.053021486752436 NaN 
-4.67000000000001 -0.0528732325368607 NaN 
-4.66000000000001 -0.0527946835719809 NaN 
-4.65000000000001 -0.052783049915413 NaN 
-4.64000000000001 -0.0528360610491237 NaN 
-4.63000000000001 -0.0529519124000436 NaN 
-4.62000000000001 -0.0531292219043321 NaN 
-4.61000000000001 -0.0533669949925021 NaN 
-4.60000000000001 -0.0536645967206169 NaN 
-4.59000000000001 -0.0540217300478818 NaN 
-4.58000000000001 -0.054438419481113 NaN 
-4.57000000000001 -0.0549149994852283 NaN 
-4.56000000000001 -0.0554521072063153 NaN 
-4.55000000000001 -0.0560506791778777 NaN 
-4.54000000000001 -0.0567119517876978 NaN 
-4.53000000000001 -0.0574374653774093 NaN 
-4.52000000000001 -0.0582290719333725 NaN 
-4.51000000000001 -0.059088946409352 NaN 
-4.50000000000001 -0.0600196018019141 NaN 
-4.49000000000001 -0.061023908181342 NaN 
-4.48000000000001 -0.0621051159671237 NaN 
-4.47000000000001 -0.0632668838307709 NaN 
-4.46000000000001 -0.0645133117131543 NaN 
-4.45000000000001 -0.0658489795625768 NaN 
-4.44000000000001 -0.0672789925378347 NaN 
-4.43000000000001 -0.0688090335829555 NaN 
-4.42000000000001 -0.0704454244737766 NaN 
-4.41000000000001 -0.0721951966692027 NaN 
-4.40000000000001 -0.0740661735822765 NaN 
-4.39000000000001 -0.076067066231258 NaN 
-4.38000000000001 -0.0782075846556713 NaN 
-4.37000000000001 -0.0804985680085797 NaN 
-4.36000000000001 -0.0829521368927429 NaN 
-4.35000000000001 -0.0855818723321276 NaN 
-4.34000000000001 -0.0884030268110059 NaN 
-4.33000000000001 -0.0914327741364419 NaN 
-4.32000000000001 -0.0946905065749294 NaN 
-4.31000000000001 -0.0981981899001976 NaN 
-4.30000000000001 -0.10198078983062 NaN 
-4.29000000000001 -0.106066787057337 NaN 
-4.28000000000001 -0.110488802982861 NaN 
-4.27000000000001 -0.115284364847693 NaN 
-4.26000000000001 -0.120496847749788 NaN 
-4.25000000000001 -0.126176643066478 NaN 
-4.24000000000001 -0.132382619294634 NaN 
-4.23000000000001 -0.139183964289745 NaN 
-4.22000000000001 -0.146662530243812 NaN 
-4.21000000000002 -0.154915848969294 NaN 
-4.20000000000002 -0.164061052085667 NaN 
-4.19000000000002 -0.174240029485107 NaN 
-4.18000000000002 -0.185626307623435 NaN 
-4.17000000000002 -0.198434355794852 NaN 
-4.16000000000002 -0.212932382630566 NaN 
-4.15000000000002 -0.229460251591872 NaN 
-4.14000000000002 -0.24845507495684 NaN 
-4.13000000000002 -0.27048862087875 NaN 
-4.12000000000002 -0.296323424482608 NaN 
-4.11000000000002 -0.326999505581066 NaN 
-4.10000000000002 -0.363973117659404 NaN 
-4.09000000000002 -0.40934799691602 NaN 
-4.08000000000002 -0.466280048935687 NaN 
-4.07000000000002 -0.539728910666153 NaN 
-4.06000000000002 -0.63796107560229 NaN 
-4.05000000000002 -0.775856770736192 NaN 
-4.04000000000002 -0.98317715095905 NaN 
-4.03000000000002 -1.32936588510948 NaN 
-4.02000000000002 -2.02275550466545 NaN 
-4.01000000000002 -4.105011854099 NaN 
-4.00000000000002 -2122147833180.11 NaN 
-3.99000000000002 4.23054557955536 NaN 
-3.98000000000002 2.14836108505739 NaN 
-3.97000000000002 1.4550913282818 NaN 
-3.96000000000002 1.10907064519064 NaN 
-3.95000000000002 0.9019667521286 NaN 
-3.94000000000002 0.764336299352606 NaN 
-3.93000000000002 0.666418523806233 NaN 
-3.92000000000002 0.59333366444547 NaN 
-3.91000000000002 0.536815769384084 NaN 
-3.90000000000002 0.49190582072417 NaN 
-3.89000000000002 0.455448611410692 NaN 
-3.88000000000002 0.425341185568238 NaN 
-3.87000000000002 0.400128154431515 NaN 
-3.86000000000002 0.378770450215465 NaN 
-3.85000000000002 0.360506580365982 NaN 
-3.84000000000002 0.344765913425023 NaN 
-3.83000000000002 0.331112571883047 NaN 
-3.82000000000002 0.319208029462772 NaN 
-3.81000000000002 0.308785521896009 NaN 
-3.80000000000002 0.299632136646903 NaN 
-3.79000000000002 0.291576022117344 NaN 
-3.78000000000002 0.284477087602932 NaN 
-3.77000000000002 0.278220131802675 NaN 
-3.76000000000002 0.27270969177216 NaN 
-3.75000000000002 0.26786613082763 NaN 
-3.74000000000003 0.263622632084282 NaN 
-3.73000000000003 0.259922863098768 NaN 
-3.72000000000003 0.256719144122946 NaN 
-3.71000000000003 0.253970998711797 NaN 
-3.70000000000003 0.251643997797474 NaN 
-3.69000000000003 0.249708831317205 NaN 
-3.68000000000003 0.248140558001405 NaN 
-3.67000000000003 0.246917995947142 NaN 
-3.66000000000003 0.246023225445434 NaN 
-3.65000000000003 0.245441182106671 NaN 
-3.64000000000003 0.245159323267935 NaN 
-3.63000000000003 0.245167354412201 NaN 
-3.62000000000003 0.245457005198014 NaN 
-3.61000000000003 0.246021846915433 NaN 
-3.60000000000003 0.246857144914836 NaN 
-3.59000000000003 0.247959740919775 NaN 
-3.58000000000003 0.249327961223495 NaN 
-3.57000000000003 0.250961547647489 NaN 
-3.56000000000003 0.252861608860795 NaN 
-3.55000000000003 0.25503059025934 NaN 
-3.54000000000003 0.257472261116143 NaN 
-3.53000000000003 0.260191718159658 NaN 
-3.52000000000003 0.263195405138837 NaN 
-3.51000000000003 0.266491148306171 NaN 
-3.50000000000003 0.270088208108607 NaN 
-3.49000000000003 0.273997347734217 NaN 
-3.48000000000003 0.278230919532706 NaN 
-3.47000000000003 0.282802970723537 NaN 
-3.46000000000003 0.287729370240657 NaN 
-3.45000000000003 0.293027959053456 NaN 
-3.44000000000003 0.298718726867974 NaN 
-3.43000000000003 0.30482401877248 NaN 
-3.42000000000003 0.311368776174079 NaN 
-3.41000000000003 0.31838081731117 NaN 
-3.40000000000003 0.325891163762001 NaN 
-3.39000000000003 0.333934420755206 NaN 
-3.38000000000003 0.342549220791823 NaN 
-3.37000000000003 0.351778742197474 NaN 
-3.36000000000003 0.361671316852337 NaN 
-3.35000000000003 0.372281144644731 NaN 
-3.34000000000003 0.383669136359742 NaN 
-3.33000000000003 0.395903912010766 NaN 
-3.32000000000003 0.409062988403668 NaN 
-3.31000000000003 0.423234198469822 NaN 
-3.30000000000003 0.438517396271636 NaN 
-3.29000000000003 0.455026516475943 NaN 
-3.28000000000003 0.472892076766608 NaN 
-3.27000000000004 0.492264237899607 NaN 
-3.26000000000004 0.513316571414054 NaN 
-3.25000000000004 0.536250733032482 NaN 
-3.24000000000004 0.561302305809194 NaN 
-3.23000000000004 0.588748168945561 NaN 
-3.22000000000004 0.618915877628821 NaN 
-3.21000000000004 0.652195724160652 NaN 
-3.20000000000004 0.689056418759724 NaN 
-3.19000000000004 0.730065723542508 NaN 
-3.18000000000004 0.775917965865852 NaN 
-3.17000000000004 0.827471263664421 NaN 
-3.16000000000004 0.885798711743026 NaN 
-3.15000000000004 0.952260044106121 NaN 
-3.14000000000004 1.02860401032115 NaN 
-3.13000000000004 1.11711800422903 NaN 
-3.12000000000004 1.2208525088681 NaN 
-3.11000000000004 1.3439679679379 NaN 
-3.10000000000004 1.49228978240322 NaN 
-3.09000000000004 1.67423330738609 NaN 
-3.08000000000004 1.90242259965706 NaN 
-3.07000000000004 2.19669666641055 NaN 
-3.06000000000004 2.59012196694432 NaN 
-3.05000000000004 3.14221992148016 NaN 
-3.04000000000004 3.97203568987235 NaN 
-3.03000000000004 5.35734451698737 NaN 
-3.02000000000004 8.1314771287462 NaN 
-3.01000000000004 16.4610975349012 NaN 
-3.00000000000004 4105681066290.11 NaN 
-2.99000000000004 -16.8798768624618 NaN 
-2.98000000000004 -8.5504771185374 NaN 
-2.97000000000004 -5.77671257328275 NaN 
-2.96000000000004 -4.39191975495714 NaN 
-2.95000000000004 -3.56276867090943 NaN 
-2.94000000000004 -3.01148501945027 NaN 
-2.93000000000004 -2.61902479855923 NaN 
-2.92000000000004 -2.32586796462679 NaN 
-2.91000000000004 -2.09894965829221 NaN 
-2.90000000000004 -1.91843270082462 NaN 
-2.89000000000004 -1.77169509838788 NaN 
-2.88000000000004 -1.65032380000501 NaN 
-2.87000000000004 -1.54849595765017 NaN 
-2.86000000000004 -1.46205393783188 NaN 
-2.85000000000004 -1.38795033440919 NaN 
-2.84000000000004 -1.32390110755222 NaN 
-2.83000000000004 -1.26816115031219 NaN 
-2.82000000000004 -1.21937467254789 NaN 
-2.81000000000004 -1.17647283842389 NaN 
-2.80000000000005 -1.13860211925832 NaN 
-2.79000000000005 -1.10507312382481 NaN 
-2.78000000000005 -1.07532339113915 NaN 
-2.77000000000005 -1.04888989689615 NaN 
-2.76000000000005 -1.02538844106338 NaN 
-2.75000000000005 -1.00449799060366 NaN 
-2.74000000000005 -0.985948643995254 NaN 
-2.73000000000005 -0.969512279358444 NaN 
-2.72000000000005 -0.954995216137395 NaN 
-2.71000000000005 -0.942232405220798 NaN 
-2.70000000000005 -0.931082791850681 NaN 
-2.69000000000005 -0.921425587560514 NaN 
-2.68000000000005 -0.913157253445191 NaN 
-2.67000000000005 -0.906189045126028 NaN 
-2.66000000000005 -0.900445005130303 NaN 
-2.65000000000005 -0.895860314689363 NaN 
-2.64000000000005 -0.892379936695295 NaN 
-2.63000000000005 -0.889957496516305 NaN 
-2.62000000000005 -0.88855435881682 NaN 
-2.61000000000005 -0.888138867364725 NaN 
-2.60000000000005 -0.888685721693416 NaN 
-2.59000000000005 -0.890175469901996 NaN 
-2.58000000000005 -0.892594101180112 NaN 
-2.57000000000005 -0.895932725101538 NaN 
-2.56000000000005 -0.900187327544424 NaN 
-2.55000000000005 -0.90535859542065 NaN 
-2.54000000000005 -0.911451804351139 NaN 
-2.53000000000005 -0.918476765103586 NaN 
-2.52000000000005 -0.926447826088698 NaN 
-2.51000000000005 -0.935383930554649 NaN 
-2.50000000000005 -0.945308728380106 NaN 
-2.49000000000005 -0.956250743592403 NaN 
-2.48000000000005 -0.968243599973799 NaN 
-2.47000000000005 -0.981326308410654 NaN 
-2.46000000000005 -0.995543621032654 NaN 
-2.45000000000005 -1.0109464587344 NaN 
-2.44000000000005 -1.0275924204258 NaN 
-2.43000000000005 -1.04554638438957 NaN 
-2.42000000000005 -1.06488121451532 NaN 
-2.41000000000005 -1.08567858703106 NaN 
-2.40000000000005 -1.10802995679076 NaN 
-2.39000000000005 -1.1320376863601 NaN 
-2.38000000000005 -1.15781636627632 NaN 
-2.37000000000005 -1.18549436120544 NaN 
-2.36000000000005 -1.2152156246238 NaN 
-2.35000000000005 -1.24714183455979 NaN 
-2.34000000000005 -1.28145491544148 NaN 
-2.33000000000006 -1.31836002699578 NaN 
-2.32000000000006 -1.3580891215001 NaN 
-2.31000000000006 -1.40090519693503 NaN 
-2.30000000000006 -1.44710740769631 NaN 
-2.29000000000006 -1.49703723920576 NaN 
-2.28000000000006 -1.55108601179437 NaN 
-2.27000000000006 -1.6097040579316 NaN 
-2.26000000000006 -1.67341202280969 NaN 
-2.25000000000006 -1.74281488235543 NaN 
-2.24000000000006 -1.81861947082164 NaN 
-2.23000000000006 -1.90165658569399 NaN 
-2.22000000000006 -1.99290912596462 NaN 
-2.21000000000006 -2.09354827455549 NaN 
-2.20000000000006 -2.20498054003089 NaN 
-2.19000000000006 -2.32890965810035 NaN 
-2.18000000000006 -2.46741913145313 NaN 
-2.17000000000006 -2.62308390581589 NaN 
-2.16000000000006 -2.79912392910759 NaN 
-2.15000000000006 -2.99961913893385 NaN 
-2.14000000000006 -3.22981659240792 NaN 
-2.13000000000006 -3.49657935323631 NaN 
-2.12000000000006 -3.80905982766781 NaN 
-2.11000000000006 -4.17974038028605 NaN 
-2.10000000000006 -4.62609832544897 NaN 
-2.09000000000006 -5.17338091982179 NaN 
-2.08000000000006 -5.85946160694216 NaN 
-2.07000000000006 -6.74385876587832 NaN 
-2.06000000000006 -7.92577321884677 NaN 
-2.05000000000006 -9.58377076051037 NaN 
-2.04000000000006 -12.0749884972054 NaN 
-2.03000000000006 -16.23275388646 NaN 
-2.02000000000006 -24.5570609287874 NaN 
-2.01000000000006 -49.5479035799472 NaN 
-2.00000000000006 -8048995558609.55 NaN 
-1.99000000000006 50.4708318188663 NaN 
-1.98000000000006 25.4804218132676 NaN 
-1.97000000000006 17.1568363426615 NaN 
-1.96000000000006 13.0000824746798 NaN 
-1.95000000000006 10.510167579187 NaN 
-1.94000000000006 8.8537659571867 NaN 
-1.93000000000006 7.67374265978063 NaN 
-1.92000000000006 6.79153445671185 NaN 
-1.91000000000006 6.10794350563158 NaN 
-1.90000000000006 5.56345483239243 NaN 
-1.89000000000006 5.12019883434182 NaN 
-1.88000000000006 4.7529325440151 NaN 
-1.87000000000006 4.44418339845659 NaN 
-1.86000000000006 4.18147426219969 NaN 
-1.85000000000006 3.95565845306662 NaN 
-1.84000000000006 3.7598791454487 NaN 
-1.83000000000006 3.58889605538383 NaN 
-1.82000000000006 3.43863657658534 NaN 
-1.81000000000006 3.30588867597139 NaN 
-1.80000000000006 3.18808593392354 NaN 
-1.79000000000006 3.08315401547143 NaN 
-1.78000000000006 2.98939902736702 NaN 
-1.77000000000006 2.9054250144025 NaN 
-1.76000000000006 2.83007209733507 NaN 
-1.75000000000006 2.76236947416021 NaN 
-1.74000000000006 2.70149928454713 NaN 
-1.73000000000006 2.64676852264868 NaN 
-1.72000000000006 2.59758698789382 NaN 
-1.71000000000006 2.55344981814848 NaN 
-1.70000000000006 2.51392353799694 NaN 
-1.69000000000006 2.47863483053788 NaN 
-1.68000000000006 2.44726143923319 NaN 
-1.67000000000006 2.41952475048657 NaN 
-1.66000000000006 2.39518371364667 NaN 
-1.65000000000006 2.37402983392689 NaN 
-1.64000000000006 2.35588303287565 NaN 
-1.63000000000006 2.34058821583794 NaN 
-1.62000000000006 2.32801242010012 NaN 
-1.61000000000006 2.31804244382198 NaN 
-1.60000000000006 2.31058287640293 NaN 
-1.59000000000006 2.30555446704622 NaN 
-1.58000000000006 2.30289278104474 NaN 
-1.57000000000006 2.302547103511 NaN 
-1.56000000000006 2.30447955851377 NaN 
-1.55000000000006 2.3086644183227 NaN 
-1.54000000000006 2.31508758305194 NaN 
-1.53000000000006 2.32374621571212 NaN 
-1.52000000000006 2.33464852174356 NaN 
-1.51000000000006 2.3478136656922 NaN 
-1.50000000000006 2.3632718209503 NaN 
-1.49000000000006 2.38106435154511 NaN 
-1.48000000000006 2.40124412793506 NaN 
-1.47000000000006 2.42387598177434 NaN 
-1.46000000000006 2.44903730774035 NaN 
-1.45000000000006 2.4768188238993 NaN 
-1.44000000000006 2.50732550583899 NaN 
-1.43000000000006 2.5406777140667 NaN 
-1.42000000000006 2.57701253912709 NaN 
-1.41000000000006 2.61648539474487 NaN 
-1.40000000000006 2.65927189629784 NaN 
-1.39000000000006 2.70557007040068 NaN 
-1.38000000000006 2.75560295173765 NaN 
-1.37000000000006 2.80962163605692 NaN 
-1.36000000000006 2.86790887411219 NaN 
-1.35000000000006 2.93078331121553 NaN 
-1.34000000000006 2.99860450213307 NaN 
-1.33000000000006 3.07177886290019 NaN 
-1.32000000000006 3.15076676188027 NaN 
-1.31000000000006 3.23609100491994 NaN 
-1.30000000000006 3.32834703770154 NaN 
-1.29000000000006 3.4282152777812 NaN 
-1.28000000000006 3.53647610689119 NaN 
-1.27000000000006 3.65402821150475 NaN 
-1.26000000000006 3.78191117154992 NaN 
-1.25000000000006 3.92133348529975 NaN 
-1.24000000000006 4.07370761464049 NaN 
-1.23000000000006 4.24069418609766 NaN 
-1.22000000000006 4.4242582596415 NaN 
-1.21000000000006 4.62674168676766 NaN 
-1.20000000000006 4.85095718806798 NaN 
-1.19000000000006 5.10031215123982 NaN 
-1.18000000000006 5.37897370656787 NaN 
-1.17000000000006 5.69209207562052 NaN 
-1.16000000000006 6.04610768687248 NaN 
-1.15000000000006 6.44918114870781 NaN 
-1.14000000000006 6.91180750775304 NaN 
-1.13000000000006 7.44771402239345 NaN 
-1.12000000000006 8.07520683465588 NaN 
-1.11000000000006 8.81925220240371 NaN 
-1.10000000000006 9.71480648344301 NaN 
-1.09000000000006 10.8123661224277 NaN 
-1.08000000000006 12.1876801424399 NaN 
-1.07000000000006 13.9597876453684 NaN 
-1.06000000000006 16.3270928308247 NaN 
-1.05000000000006 19.6467300590467 NaN 
-1.04000000000006 24.6329765342998 NaN 
-1.03000000000006 32.9524903895149 NaN 
-1.02000000000006 49.6052630761533 NaN 
-1.01000000000006 99.591286195702 NaN 
-1.00000000000006 16310450570571 NaN 
-0.990000000000061 -100.436955319537 NaN 
-0.980000000000061 -50.4512351902699 NaN 
-0.970000000000061 -33.7989675950433 NaN 
-0.960000000000061 -25.4801616503726 NaN 
-0.950000000000061 -20.4948267794148 NaN 
-0.940000000000061 -17.1763059569425 NaN 
-0.930000000000061 -14.810323333377 NaN 
-0.920000000000061 -13.039746156887 NaN 
-0.910000000000061 -11.6661720957566 NaN 
-0.900000000000061 -10.5705641815459 NaN 
-0.890000000000061 -9.67717579690628 NaN 
-0.880000000000061 -8.93551318274868 NaN 
-0.870000000000061 -8.31062295511403 NaN 
-0.860000000000061 -7.77754212769163 NaN 
-0.850000000000061 -7.31796813817345 NaN 
-0.840000000000061 -6.91817762762581 NaN 
-0.830000000000061 -6.56767978135259 NaN 
-0.820000000000061 -6.25831856938552 NaN 
-0.810000000000061 -5.98365850350839 NaN 
-0.800000000000061 -5.73855468106253 NaN 
-0.790000000000061 -5.51884568769405 NaN 
-0.780000000000061 -5.32113026871346 NaN 
-0.770000000000061 -5.14260227549258 NaN 
-0.760000000000061 -4.98092689130988 NaN 
-0.750000000000061 -4.83414657978052 NaN 
-0.740000000000061 -4.70060875511218 NaN 
-0.730000000000061 -4.57890954418236 NaN 
-0.720000000000061 -4.46784961917754 NaN 
-0.710000000000061 -4.36639918903404 NaN 
-0.700000000000061 -4.27367001459494 NaN 
-0.690000000000061 -4.18889286360915 NaN 
-0.680000000000061 -4.11139921791192 NaN 
-0.670000000000061 -4.04060633331271 NaN 
-0.660000000000061 -3.97600496465363 NaN 
-0.650000000000061 -3.91714922597951 NaN 
-0.640000000000061 -3.8636481739162 NaN 
-0.630000000000061 -3.81515879181598 NaN 
-0.620000000000061 -3.77138012056233 NaN 
-0.610000000000061 -3.73204833455353 NaN 
-0.600000000000061 -3.69693260224482 NaN 
-0.590000000000061 -3.66583160260362 NaN 
-0.580000000000061 -3.63857059405084 NaN 
-0.570000000000061 -3.6149989525124 NaN 
-0.560000000000061 -3.59498811128162 NaN 
-0.550000000000061 -3.57842984840032 NaN 
-0.540000000000061 -3.56523487790012 NaN 
-0.530000000000061 -3.55533171003968 NaN 
-0.520000000000061 -3.54866575305035 NaN 
-0.510000000000061 -3.54519863519536 NaN 
-0.500000000000061 -3.5449077314256 NaN 
-0.490000000000061 -3.54778588380236 NaN 
-0.480000000000061 -3.55384130934403 NaN 
-0.470000000000061 -3.56309769320843 NaN 
-0.460000000000061 -3.57559446930106 NaN 
-0.450000000000061 -3.59138729465415 NaN 
-0.440000000000061 -3.61054872840829 NaN 
-0.430000000000061 -3.63316913111555 NaN 
-0.420000000000061 -3.65935780556065 NaN 
-0.410000000000061 -3.68924440659042 NaN 
-0.400000000000061 -3.72298065481717 NaN 
-0.390000000000061 -3.7607423978571 NaN 
-0.380000000000061 -3.80273207339813 NaN 
-0.370000000000061 -3.84918164139815 NaN 
-0.360000000000061 -3.90035606879276 NaN 
-0.350000000000061 -3.95655747014115 NaN 
-0.340000000000061 -4.01813003285852 NaN 
-0.330000000000061 -4.08546588765745 NaN 
-0.320000000000061 -4.15901212568215 NaN 
-0.310000000000061 -4.23927921644534 NaN 
-0.300000000000061 -4.32685114901221 NaN 
-0.290000000000061 -4.422397708338 NaN 
-0.280000000000061 -4.52668941682095 NaN 
-0.270000000000061 -4.64061582861128 NaN 
-0.260000000000061 -4.76520807615317 NaN 
-0.250000000000061 -4.90166685662493 NaN 
-0.240000000000061 -5.05139744215449 NaN 
-0.230000000000061 -5.21605384890039 NaN 
-0.220000000000061 -5.39759507676291 NaN 
-0.210000000000061 -5.59835744098916 NaN 
-0.200000000000061 -5.82114862568194 NaN 
-0.190000000000061 -6.06937145997571 NaN 
-0.180000000000061 -6.34718897375046 NaN 
-0.170000000000061 -6.65974772847641 NaN 
-0.160000000000061 -7.01348491677247 NaN 
-0.150000000000061 -7.41655832101446 NaN 
-0.140000000000061 -7.87946055883893 NaN 
-0.130000000000061 -8.41591684530511 NaN 
-0.120000000000061 -9.04423165481512 NaN 
-0.110000000000061 -9.78936994466873 NaN 
-0.100000000000061 -10.686287131788 NaN 
-0.0900000000000605 -11.785479073447 NaN 
-0.0800000000000605 -13.1626945538359 NaN 
-0.0700000000000605 -14.9369727805452 NaN 
-0.0600000000000605 -17.3067184006754 NaN 
-0.0500000000000605 -20.6290665620005 NaN 
-0.0400000000000605 -25.6182955956738 NaN 
-0.0300000000000605 -33.9410651012031 NaN 
-0.0200000000000605 -50.597368337681 NaN 
-0.0100000000000605 -100.587199057672 NaN 
-6.05314409707347E-14 -16520340419759.8 NaN 
0.00999999999993947 99.4325840384452 4.5994798671733 
0.0199999999999395 49.4422096286334 3.90080450528652 
0.0299999999999395 32.7849979992445 3.48997103268903 
0.0399999999999395 24.4609547612514 3.19707816307252 
0.0499999999999395 19.4700851041644 2.96887919041536 
0.0599999999999395 16.145727321067 2.78165545250289 
0.0699999999999395 13.7736004628293 2.62275375008276 
0.0799999999999395 11.9965662580152 2.48462046367526 
0.0899999999999395 10.6162164248043 2.36238268348415 
0.0999999999999395 9.513507600212 2.25271264138505 
0.109999999999939 8.61268631170887 2.1532362688151 
0.119999999999939 7.86325146628848 2.062200193458 
0.129999999999939 7.23024184740033 1.97827248615068 
0.139999999999939 6.6886861156562 1.90041745958393 
0.149999999999939 6.22027281140663 1.82781376614402 
0.159999999999939 5.81126910824916 1.7597989821651 
0.169999999999939 5.45117412579976 1.69583102139873 
0.179999999999939 5.13182113969818 1.63546059417765 
0.189999999999939 4.84676330557238 1.57831112249 
0.19999999999994 4.59084366700247 1.52406381262946 
0.20999999999994 4.35988801941857 1.47244637341152 
0.21999999999994 4.15048153934995 1.42322436108953 
0.22999999999994 3.9598036851704 1.37619444958562 
0.23999999999994 3.78550437343962 1.33117913387415 
0.24999999999994 3.62560987363214 1.28802251515768 
0.25999999999994 3.47845042011116 1.24658691304185 
0.26999999999994 3.34260391091615 1.20675011729419 
0.27999999999994 3.21685167163039 1.16840313952538 
0.28999999999994 3.10014337203916 1.13144835946654 
0.29999999999994 2.99156895990269 1.09579798553034 
0.30999999999994 2.89033602731029 1.06137276779093 
0.31999999999994 2.79575142121841 1.02810091527564 
0.32999999999994 2.70720619787137 0.995917179829986 
0.33999999999994 2.62416323264125 0.964762076708485 
0.34999999999994 2.54614695418736 0.934581218103184 
0.35999999999994 2.47273478985797 0.905324740515049 
0.36999999999994 2.40354999857326 0.876946810537533 
0.37999999999994 2.33825563558796 0.84940519650302 
0.38999999999994 2.27654944596485 0.822660895725874 
0.39999999999994 2.21815952422446 0.79667780889573 
0.40999999999994 2.16284060935084 0.771422454635201 
0.41999999999994 2.11037090925191 0.746863718414675 
0.42999999999994 2.06054936847632 0.722972630974076 
0.43999999999994 2.01319330866105 0.699722172181709 
0.44999999999994 1.96813638372274 0.677087096901007 
0.45999999999994 1.92522680189065 0.655043779963588 
0.46999999999994 1.88432577483281 0.633570077783746 
0.47999999999994 1.84530616075254 0.612645204513128 
0.48999999999994 1.80805127374 0.592249620937334 
0.49999999999994 1.77245383609844 0.572364934570702 
0.50999999999994 1.73841505401704 0.552973809619458 
0.51999999999994 1.70584379998182 0.534059885664214 
0.52999999999994 1.67465588782348 0.515607704065936 
0.53999999999994 1.64477342839018 0.497602641229797 
0.54999999999994 1.61612425558086 0.480030847972698 
0.55999999999994 1.58864141394072 0.462879194334928 
0.56999999999994 1.56226270025615 0.44613521925866 
0.57999999999994 1.5369302526292 0.429787084625827 
0.58999999999994 1.51259018139582 0.413823533208769 
0.59999999999994 1.48919223700428 0.398233850139744 
0.60999999999994 1.4666895106098 0.383007827550583 
0.61999999999994 1.44503816369014 0.368135732073864 
0.62999999999994 1.42419718345539 0.353608274931148 
0.63999999999994 1.40412816122926 0.339416584364411 
0.64999999999994 1.38479509132626 0.325552180192951 
0.65999999999994 1.36616418824951 0.312006950301514 
0.66999999999994 1.34820372029365 0.298773128885735 
0.67999999999994 1.33088385786288 0.28584327629903 
0.68999999999994 1.31417653500986 0.273210260360929 
0.69999999999994 1.29805532287244 0.260867239001078 
0.70999999999994 1.28249531383395 0.24880764412547 
0.71999999999994 1.26747301536356 0.237025166602576 
0.72999999999994 1.25296625260746 0.225513742277047 
0.73999999999994 1.23895407890228 0.214267538927285 
0.74999999999994 1.2254166934704 0.203280944091122 
0.75999999999994 1.21233536563494 0.1925485536908 
0.76999999999994 1.19969236496093 0.182065161394904 
0.77999999999994 1.18747089679024 0.171825748660218 
0.78999999999994 1.17565504269151 0.161825475401837 
0.79999999999994 1.16422970539465 0.152059671244329 
0.80999999999994 1.15318055782147 0.142523827310712 
0.81999999999994 1.14249399586256 0.133213588509884 
0.82999999999994 1.13215709458364 0.124124746286438 
0.83999999999994 1.12215756757542 0.11525323179969 
0.84999999999994 1.11248372918735 0.106595109501735 
0.85999999999994 1.10312445941036 0.0981465710864741 
0.86999999999994 1.09406917119487 0.0899039297842395 
0.87999999999994 1.08530778001004 0.0818636149782194 
0.88999999999994 1.07683067546768 0.0740221671211347 
0.89999999999994 1.06862869484986 0.0663762329321334 
0.90999999999994 1.06069309839341 0.0589225608553477 
0.91999999999994 1.05301554619751 0.0516579967631862 
0.92999999999994 1.04558807663171 0.044579479888441 
0.93999999999994 1.0384030861326 0.0376840389707827 
0.94999999999994 1.03145331028637 0.0309687886039737 
0.95999999999994 1.02473180610345 0.024430925771366 
0.96999999999994 1.01823193539888 0.0180677265580572 
0.97999999999994 1.01194734919919 0.0118765430288352 
0.98999999999994 1.00587197310321 0.00585480026199452 
0.99999999999994 0.999999993529614 -6.47038689294277E-09 
1.00999999999994 0.994325840378436 -0.00569031882084428 
1.01999999999994 0.988844192569672 -0.0112185001446592 
1.02999999999994 0.983549939975351 -0.0165868646329699 
1.03999999999994 0.978438190448579 -0.0217976617971918 
1.04999999999994 0.973504255207041 -0.0268530831398474 
1.05999999999994 0.968743639263048 -0.0317552642581519 
1.06999999999994 0.964152032397216 -0.0365062868508819 
1.07999999999994 0.959725300640492 -0.0411081806337483 
1.08999999999994 0.955459478231745 -0.0455629251683934 
1.09999999999994 0.951350760020624 -0.0498724516095976 
1.10999999999994 0.947395494287453 -0.0540386443751764 
1.11999999999994 0.943590175954139 -0.0580633427425993 
1.12999999999994 0.939931440161605 -0.0619483423763378 
1.13999999999994 0.936416056191462 -0.0656953967893366 
1.14999999999994 0.933040921710617 -0.0693062187422706 
1.15999999999994 0.929803057319514 -0.0727824815835934 
1.16999999999994 0.926699601385632 -0.0761258205335008 
1.17999999999994 0.923727805145361 -0.0793378339146154 
1.18999999999994 0.92088502805846 -0.0824200843319668 
1.19999999999994 0.918168733400216 -0.0853740998049399 
1.20999999999994 0.915576484077634 -0.0882013748534395 
1.21999999999994 0.91310593865674 -0.0909033715405154 
1.22999999999994 0.910754847588951 -0.0934815204735894 
1.23999999999994 0.90852104962528 -0.095937221766244 
1.24999999999994 0.906402468407815 -0.0982718459624552 
1.25999999999994 0.904397109228692 -0.100486734924991 
1.26999999999994 0.902503055947157 -0.102583202689801 
1.27999999999994 0.900718468056312 -0.104562536287722 
1.28999999999994 0.89904157789117 -0.106425996535288 
1.29999999999994 0.897470687970625 -0.108174818795799 
1.30999999999994 0.896004168466015 -0.109810213712208 
1.31999999999994 0.894640454789721 -0.111333367912916 
1.32999999999994 0.893378045297385 -0.11274544469181 
1.33999999999994 0.892215499097867 -0.114047584663625 
1.34999999999994 0.891151433965422 -0.115240906395665 
1.35999999999994 0.890184524348718 -0.116326507017099 
1.36999999999994 0.889313499471959 -0.117305462806499 
1.37999999999994 0.888537141523283 -0.118178829758844 
1.38999999999994 0.887854283926154 -0.118947644132726 
1.39999999999994 0.887263809689648 -0.119612922978576 
1.40999999999994 0.886764649833713 -0.120175664648732 
1.41999999999994 0.886355781885676 -0.120636849290191 
1.42999999999994 0.886036228444695 -0.120997439320593 
1.43999999999994 0.885805055810741 -0.121258379888261 
1.44999999999994 0.885661372675115 -0.121420599316899 
1.45999999999994 0.885604328869582 -0.12148500953554 
1.46999999999994 0.885633114171305 -0.121452506494416 
1.47999999999994 0.88574695716111 -0.121323970567199 
1.48999999999994 0.885945124132493 -0.121100266940252 
1.49999999999994 0.88622691804911 -0.120782245989365 
1.50999999999994 0.886591677548585 -0.120370743644426 
1.51999999999994 0.887038775990444 -0.119866581742563 
1.52999999999994 0.887567620546342 -0.119270568370149 
1.53999999999994 0.888177651330603 -0.118583498194128 
1.54999999999994 0.888868340569378 -0.117806152783032 
1.55999999999994 0.889639191806705 -0.116939300918123 
1.56999999999994 0.89048973914591 -0.115983698894988 
1.57999999999994 0.891419546524841 -0.114940090815948 
1.58999999999994 0.892428207023442 -0.113809208873707 
1.59999999999994 0.893515342202478 -0.112591773626348 
1.60999999999994 0.894680601471891 -0.111288494264295 
1.61999999999994 0.895923661487799 -0.109900068869234 
1.62999999999994 0.897244225576809 -0.108427184665507 
1.63999999999994 0.898642023186643 -0.106870518264103 
1.64999999999994 0.900116809361988 -0.105230735899596 
1.65999999999994 0.901668364244591 -0.103508493660245 
1.66999999999994 0.903296492596668 -0.101704437711474 
1.67999999999994 0.905001023346676 -0.0998192045130427 
1.68999999999994 0.906781809156723 -0.0978534210299917 
1.69999999999994 0.908638726010627 -0.0958077049377418 
1.70999999999994 0.910571672822027 -0.0936826648213912 
1.71999999999994 0.912580571061685 -0.0914789003695451 
1.72999999999994 0.914665364403366 -0.0891970025627378 
1.73999999999994 0.916826018387613 -0.0868375538567125 
1.74999999999994 0.919062520102728 -0.0844011283607399 
1.75999999999994 0.921374877882482 -0.0818882920110398 
1.76999999999994 0.923763121019845 -0.0792996027395793 
1.77999999999994 0.926227299496312 -0.0766356106383611 
1.78999999999994 0.928767483726223 -0.0738968581193093 
1.79999999999994 0.931383764315648 -0.0710838800699568 
1.80999999999994 0.934076251835329 -0.0681972040050127 
1.81999999999994 0.936845076607228 -0.0652373502140305 
1.82999999999994 0.939690388504357 -0.0622048319051308 
1.83999999999994 0.942612356763289 -0.0591001553451524 
1.84999999999994 0.945611169809181 -0.0559238199961124 
1.85999999999994 0.948687035092847 -0.0526763186481768 
1.86999999999994 0.951840178939469 -0.0493581375493374 
1.87999999999994 0.955070846408768 -0.0459697565317347 
1.88999999999994 0.958379301166169 -0.0425116491348871 
1.89999999999994 0.961765825364806 -0.0389842827257597 
1.90999999999994 0.965230719537935 -0.03538811861596 
1.91999999999994 0.968774302501642 -0.0317236121759311 
1.92999999999994 0.97239691126743 -0.0279912129464581 
1.93999999999994 0.97609890096458 -0.0241913647473698 
1.94999999999994 0.97988064477199 -0.0203245057836406 
1.95999999999994 0.983742533859253 -0.0163910687489524 
1.96999999999994 0.987684977336851 -0.0123914809267129 
1.97999999999994 0.991708402215143 -0.00832616428874888 
1.98999999999994 0.995813253372118 -0.00419553559156727 
1.99999999999994 0.999999993529557 -6.47044406942854E-09 
2.00999999999994 1.00426909878216 0.00426001203226334 
2.01999999999994 1.00862107642101 0.00858412715146195 
2.02999999999994 1.01305643817455 0.0129719376085157 
2.03999999999994 1.01757571806646 0.0174230513560318 
2.04999999999994 1.02217946796733 0.021937081029528 
2.05999999999994 1.02686825761877 0.0265136438657676 
2.06999999999994 1.03164267466496 0.0311523616228772 
2.07999999999994 1.03650332469167 0.0358528605023252 
2.08999999999994 1.04145083127255 0.0406147710726052 
2.09999999999994 1.04648583602263 0.0454377281946733 
2.10999999999994 1.05160899865902 0.0503213709490138 
2.11999999999994 1.05682099706857 0.0552653425643458 
2.12999999999994 1.06212252738256 0.0602692903478593 
2.13999999999994 1.06751430405821 0.0653328656170122 
2.14999999999994 1.07299705996716 0.0704557236328365 
2.15999999999994 1.07857154649058 0.0756375235346326 
2.16999999999994 1.08423853362113 0.0808779282761083 
2.17999999999994 1.08999881007147 0.0861766045629054 
2.18999999999994 1.09585318338951 0.0915332227914188 
2.19999999999994 1.1018024800802 0.0969474569889596 
2.20999999999994 1.10784754573388 0.10241898475516 
2.21999999999994 1.11398924516117 0.107947487204601 
2.22999999999994 1.12022846253435 0.113532648910686 
2.23999999999994 1.12656610153529 0.119174157850649 
2.24999999999994 1.13300308550971 0.124871705351706 
2.25999999999994 1.1395403576281 0.130624986038347 
2.26999999999994 1.14617888105284 0.136433697780651 
2.27999999999993 1.15291963911202 0.142297541643749 
2.28999999999993 1.15976363547955 0.148216221838244 
2.29999999999993 1.16671189436176 0.154189445671643 
2.30999999999993 1.17376546069043 0.160216923500806 
2.31999999999993 1.18092540032238 0.166298368685316 
2.32999999999993 1.18819280024547 0.172433497541804 
2.33999999999993 1.19556876879108 0.17862202929915 
2.34999999999993 1.20305443585326 0.184863686054619 
2.35999999999993 1.2106509531142 0.191158192730813 
2.36999999999993 1.21835949427653 0.197505277033491 
2.37999999999993 1.22618125530207 0.203904669410221 
2.38999999999993 1.23411745465729 0.210356103009825 
2.39999999999993 1.24216933356546 0.216859313642596 
2.40999999999993 1.25033815626547 0.223414039741296 
2.41999999999993 1.2586252102776 0.230020022322928 
2.42999999999993 1.26703180667585 0.236677004951176 
2.43999999999993 1.27555928036741 0.243384733699602 
2.44999999999993 1.28420899037886 0.250142957115536 
2.45999999999993 1.29298232014953 0.256951426184661 
2.46999999999993 1.30188067783176 0.263809894296183 
2.47999999999993 1.31090549659838 0.27071811720878 
2.48999999999993 1.32005823495735 0.277675853017066 
2.49999999999993 1.32934037707361 0.284682862118752 
2.50999999999993 1.3387534330983 0.291738907182356 
2.51999999999993 1.34829893950541 0.298843753115575 
2.52999999999993 1.35797845943584 0.305997167034147 
2.53999999999993 1.36779358304907 0.313198918231364 
2.54999999999993 1.37774592788247 0.320448778148079 
2.55999999999993 1.3878371392184 0.327746520343276 
2.56999999999993 1.39806889045902 0.335091920465189 
2.57999999999993 1.40844288350918 0.342484756222877 
2.58999999999993 1.41896084916721 0.349924807358393 
2.59999999999993 1.4296245475239 0.357411855619343 
2.60999999999993 1.44043576836968 0.364945684732035 
2.61999999999993 1.45139633161016 0.372526080375011 
2.62999999999993 1.46250808769013 0.380152830153117 
2.63999999999993 1.47377291802602 0.387825723571956 
2.64999999999993 1.48519273544721 0.395544552012849 
2.65999999999993 1.49676948464595 0.403309108708161 
2.66999999999993 1.50850514263636 0.411119188717139 
2.67999999999993 1.52040171922234 0.418974588902078 
2.68999999999993 1.53246125747479 0.426875107904944 
2.69999999999993 1.544685834218 0.434820546124386 
2.70999999999993 1.5570775605256 0.442810705693131 
2.71999999999993 1.56963858222602 0.450845390455769 
2.72999999999993 1.58237108041776 0.458924405946908 
2.73999999999993 1.59527727199437 0.467047559369676 
2.74999999999992 1.6083594101797 0.475214659574633 
2.75999999999992 1.62161978507309 0.483425517038974 
2.76999999999992 1.63506072420505 0.49167994384611 
2.77999999999992 1.64868459310336 0.499977753665585 
2.78999999999992 1.66249379586986 0.508318761733308 
2.79999999999992 1.67649077576809 0.516702784832117 
2.80999999999992 1.69067801582186 0.525129641272673 
2.81999999999992 1.70505803942508 0.533599150874629 
2.82999999999992 1.71963341096289 0.542111134948152 
2.83999999999992 1.73440673644436 0.550665416275687 
2.84999999999992 1.7493806641469 0.559261819094074 
2.85999999999992 1.76455788527261 0.567900169076888 
2.86999999999992 1.77994113461673 0.576580293317115 
2.87999999999992 1.7955331912484 0.585302020310078 
2.88999999999992 1.81133687920398 0.594065179936621 
2.89999999999992 1.82735506819305 0.602869603446588 
2.90999999999992 1.84359067431737 0.611715123442531 
2.91999999999992 1.86004666080306 0.62060157386371 
2.92999999999992 1.87672603874605 0.629528789970288 
2.93999999999992 1.89363186787119 0.638496608327817 
2.94999999999992 1.91076725730528 0.647504866791962 
2.95999999999992 1.92813536636404 0.656553404493422 
2.96999999999992 1.94573940535349 0.665642061823131 
2.97999999999992 1.96358263638589 0.674770680417648 
2.98999999999992 1.98166837421041 0.683939103144782 
2.99999999999992 1.99999998705902 0.693147174089453 
3.00999999999992 2.01858088855204 0.702394734103199 
3.01999999999992 2.03741457437034 0.711681638564528 
3.02999999999992 2.05650456949424 0.721007730662163 
3.03999999999992 2.07585446485548 0.730372859212106 
3.04999999999992 2.09546790933292 0.739776874179793 
3.05999999999992 2.11534861069456 0.749219626667205 
3.06999999999992 2.13550033655637 0.758700968900109 
3.07999999999992 2.15592691535858 0.768220754215503 
3.08999999999992 2.17663223735952 0.777778837049276 
3.09999999999992 2.1976202556474 0.787375072923996 
3.10999999999992 2.21889498717042 0.797009318436939 
3.11999999999992 2.24046051378527 0.806681431248218 
3.12999999999992 2.26232098332474 0.816391270069142 
3.13999999999992 2.28448061068445 0.826138694650724 
3.14999999999992 2.30694367892927 0.83592356577236 
3.15999999999992 2.32971454041955 0.845745745230656 
3.16999999999992 2.35279761795773 0.855605095828426 
3.17999999999992 2.37619740595569 0.865501481363855 
3.18999999999992 2.39991847162291 0.87543476661978 
3.19999999999992 2.42396545617632 0.885404817353183 
3.20999999999992 2.44834307607176 0.895411500284771 
3.21999999999991 2.47305612425765 0.905454683088732 
3.22999999999991 2.49810947145149 0.915534234382667 
3.23999999999991 2.52350806743892 0.925650023717549 
3.24999999999991 2.54925694239673 0.935801921567986 
3.25999999999991 2.57536120823937 0.945989799322488 
3.26999999999991 2.60182605998981 0.956213529273916 
3.27999999999991 2.62865677717527 0.966472984610051 
3.28999999999991 2.65585872524804 0.97676803940434 
3.29999999999991 2.68343735703191 0.987098568606699 
3.30999999999991 2.71139821419475 0.997464448034462 
3.31999999999991 2.73974692874778 1.00786555436349 
3.32999999999991 2.76848922457179 1.01830176511936 
3.33999999999991 2.797630918971 1.02877295866871 
3.34999999999991 2.82717792425501 1.03927901421064 
3.35999999999991 2.85713624934936 1.04981981176828 
3.36999999999991 2.88751200143523 1.06039523218048 
3.37999999999991 2.91831138761878 1.07100515709356 
3.38999999999991 2.94954071663079 1.0816494689532 
3.39999999999991 2.98120640055694 1.09232805099644 
3.40999999999991 3.01331495659965 1.10304078724381 
3.41999999999991 3.04587300887164 1.11378756249148 
3.42999999999991 3.07888729022217 1.12456826230358 
3.43999999999991 3.11236464409631 1.13538277300466 
3.44999999999991 3.14631202642805 1.14623098167212 
3.45999999999991 3.18073650756768 1.15711277612888 
3.46999999999991 3.21564527424427 1.16802804493601 
3.47999999999991 3.25104563156382 1.17897667738562 
3.48999999999991 3.28694500504364 1.18995856349363 
3.49999999999991 3.32335094268384 1.20097359399286 
3.50999999999991 3.36027111707656 1.212021660326 
3.51999999999991 3.39771332755347 1.22310265463886 
3.52999999999991 3.43568550237249 1.23421646977352 
3.53999999999991 3.47419570094444 1.24536299926175 
3.54999999999991 3.51325211610013 1.25654213731836 
3.55999999999991 3.55286307639892 1.2677537788347 
3.56999999999991 3.59303704847951 1.27899781937227 
3.57999999999991 3.6337826394535 1.29027415515635 
3.58999999999991 3.67510859934289 1.30158268306978 
3.59999999999991 3.71702382356195 1.31292330064673 
3.60999999999991 3.75953735544468 1.32429590606658 
3.61999999999991 3.80265838881844 1.33570039814797 
3.62999999999991 3.84639627062485 1.34713667634274 
3.63999999999991 3.89076050358851 1.35860464073013 
3.64999999999991 3.93576074893491 1.37010419201093 
3.65999999999991 3.98140682915802 1.38163523150172 
3.66999999999991 4.02770873083886 1.39319766112924 
3.67999999999991 4.07467660751567 1.40479138342479 
3.6899999999999 4.12232078260698 1.41641630151864 
3.6999999999999 4.17065175238838 1.42807231913462 
3.7099999999999 4.21968018902414 1.43975934058469 
3.7199999999999 4.26941694365458 1.45147727076363 
3.7299999999999 4.31987304954025 1.46322601514373 
3.7399999999999 4.37105972526435 1.47500547976961 
3.7499999999999 4.42298837799396 1.48681557125307 
3.7599999999999 4.47567060680149 1.49865619676798 
3.7699999999999 4.52911820604776 1.51052726404531 
3.7799999999999 4.58334316882709 1.52242868136808 
3.7899999999999 4.63835769047666 1.53436035756653 
3.7999999999999 4.69417417215039 1.54632220201322 
3.8099999999999 4.75080522445919 1.55831412461828 
3.8199999999999 4.80826367117846 1.5703360358246 
3.8299999999999 4.86656255302472 1.58238784660325 
3.8399999999999 4.92571513150173 1.59446946844875 
3.8499999999999 4.98573489281841 1.60658081337458 
3.8599999999999 5.04663555187941 1.61872179390859 
3.8699999999999 5.10843105634974 1.63089232308859 
3.8799999999999 5.17113559079512 1.64309231445788 
3.8899999999999 5.2347635808992 1.65532168206091 
3.8999999999999 5.29932969775955 1.66758034043896 
3.9099999999999 5.36484886226325 1.67986820462588 
3.9199999999999 5.43133624954465 1.69218519014385 
3.9299999999999 5.49880729352563 1.70453121299921 
3.9399999999999 5.56727769154101 1.71690618967836 
3.9499999999999 5.63676340905028 1.72931003714364 
3.9599999999999 5.70728068443724 1.74174267282934 
3.9699999999999 5.77884603389959 1.75420401463769 
3.9799999999999 5.85147625642964 1.76669398093491 
3.9899999999999 5.92518843888883 1.77921249054733 
3.9999999999999 5.99999996117671 1.79175946275751 
4.0099999999999 6.07592847454132 1.80433481286393 
4.0199999999999 6.15299201459808 1.81693846995125 
4.0299999999999 6.23120884556725 1.82957035018339 
4.0399999999999 6.31059757316031 1.84223037463018 
4.0499999999999 6.39117712346508 1.85491846479906 
4.0599999999999 6.47296674872501 1.86763454263144 
4.0699999999999 6.55598603322773 1.88037853049916 
4.0799999999999 6.64025489930404 1.89315035120093 
4.0899999999999 6.72579361344052 1.90594992795887 
4.0999999999999 6.81262279250661 1.91877718441505 
4.1099999999999 6.90076341009967 1.93163204462803 
4.1199999999999 6.99023680300967 1.94451443306955 
4.1299999999999 7.08106467780601 1.95742427462115 
4.1399999999999 7.17326911754881 1.97036149457083 
4.1499999999999 7.26687258862683 1.98332601860985 
4.1599999999999 7.36189794772534 1.99631777282942 
4.1699999999999 7.45836844892562 2.00933668371756 
4.17999999999989 7.55630775093868 2.02238267815589 
4.18999999999989 7.65573992447668 2.03545568341648 
4.19999999999989 7.7566894597638 2.04855562715881 
4.20999999999989 7.85918127418992 2.06168243742664 
4.21999999999989 7.96324072010923 2.074836042645 
4.22999999999989 8.06889359278786 2.08801637161717 
4.23999999999989 8.17616613850167 2.10122335352173 
4.24999999999989 8.28508506278895 2.11445691790958 
4.25999999999989 8.39567753885987 2.12771699470105 
4.26999999999989 8.5079712161662 2.14100351418302 
4.27999999999989 8.62199422913444 2.15431640700605 
4.28999999999989 8.73777520606559 2.16765560418157 
4.29999999999989 8.85534327820481 2.18102103707908 
4.30999999999989 8.97472808898411 2.19441263742337 
4.31999999999989 9.09595980344212 2.20783033729183 
4.32999999999989 9.21906911782356 2.22127406911166 
4.33999999999989 9.34408726936264 2.23474376565727 
4.34999999999989 9.47104604625375 2.24823936004756 
4.35999999999989 9.5999777978133 2.26176078574333 
4.36999999999989 9.73091544483621 2.2753079765447 
4.37999999999989 9.86389249015093 2.28888086658842 
4.38999999999989 9.99894302937779 2.3024793903455 
4.39999999999989 10.136101761893 2.3161034826185 
4.40999999999989 10.2754040020042 2.32975307853918 
4.41999999999989 10.4168856903405 2.34342811356594 
4.42999999999989 10.5605834054614 2.35712852348137 
4.43999999999989 10.7065343756907 2.37085424438991 
4.44999999999989 10.8547764911762 2.38460521271534 
4.45999999999989 11.0053483161836 2.39838136519846 
4.46999999999989 11.158289101627 2.41218263889473 
4.47999999999989 11.3136387978415 2.42600897117195 
4.48999999999989 11.4714380676017 2.43986029970791 
4.49999999999989 11.6317282993928 2.45373656248817 
4.50999999999989 11.794551620938 2.46763769780372 
4.51999999999989 11.9599509129875 2.4815636442488 
4.52999999999989 12.1279698233742 2.49551434071868 
4.53999999999989 12.2986527813427 2.50948972640739 
4.54999999999989 12.4720450121548 2.52348974080563 
4.55999999999989 12.6481925519794 2.53751432369858 
4.56999999999989 12.8271422630711 2.55156341516376 
4.57999999999989 13.0089418492428 2.5656369555689 
4.58999999999989 13.1936398716402 2.57973488556992 
4.59999999999989 13.3812857648223 2.59385714610874 
4.60999999999989 13.5719298531546 2.60800367841132 
4.61999999999989 13.765623367522 2.62217442398559 
4.62999999999989 13.9624184623674 2.63636932461944 
4.63999999999989 14.1623682330613 2.65058832237872 
4.64999999999988 14.3655267336116 2.66483135960527 
4.65999999999988 14.5719489947175 2.67909837891493 
4.66999999999988 14.7816910421778 2.69338932319567 
4.67999999999988 14.9948099156569 2.70770413560558 
4.68999999999988 15.2113636878189 2.72204275957102 
4.69999999999988 15.4314114838361 2.73640513878474 
4.70999999999988 15.6550135012787 2.75079121720398 
4.71999999999988 15.8822310303941 2.76520093904862 
4.72999999999988 16.1131264747842 2.77963424879939 
4.73999999999988 16.3477633724877 2.79409109119599 
4.74999999999988 16.5862064174764 2.80857141123533 
4.75999999999988 16.8285214815726 2.82307515416972 
4.76999999999988 17.0747756367991 2.83760226550517 
4.77999999999988 17.3250371781654 2.85215269099952 
4.78999999999988 17.5793756469055 2.86672637666081 
4.79999999999988 17.8378618541705 2.8813232687455 
4.80999999999988 18.1005679051885 2.89594331375683 
4.81999999999988 18.3675672239007 2.91058645844302 
4.82999999999988 18.6389345780836 2.92525264979574 
4.83999999999988 18.9147461049655 2.93994183504833 
4.84999999999988 19.1950793373498 2.95465396167422 
4.85999999999988 19.4800132302534 2.96938897738528 
4.86999999999988 19.7696281880723 2.98414683013022 
4.87999999999988 20.0640060922839 2.998927468093 
4.88999999999988 20.3632303296967 3.0137308396912 
4.89999999999988 20.6673858212611 3.02855689357451 
4.90999999999988 20.9765590514483 3.0434055786231 
4.91999999999988 21.2908380982138 3.05827684394616 
4.92999999999988 21.6103126635544 3.07317063888032 
4.93999999999988 21.9350741046703 3.08808691298814 
4.94999999999988 22.2652154657474 3.10302561605661 
4.95999999999988 22.6008315103703 3.11798669809567 
4.96999999999988 22.9420187545801 3.13297010933673 
4.97999999999988 23.2888755005886 3.1479758002312 
4.98999999999988 23.641501871165 3.16300372144904 
4.99999999999988 23.9999998447055 3.17805382387734 
